</s> 0.008005 0.008839 -0.007661 -0.006556 0.002733 0.006042 0.001882 0.000423 -0.007207 0.004437 -0.008713 0.002499 -0.001503 -0.001914 -0.006631 -0.003764 0.005159 0.006051 0.005938 0.003195 0.003090 -0.007605 -0.008192 0.009939 0.007603 0.006180 -0.001208 0.008031 -0.000990 0.001469 -0.000298 -0.005966 0.002625 -0.002675 -0.007651 0.009508 0.008759 -0.002190 -0.000452 0.001018 -0.007275 -0.008014 0.009109 0.000126 -0.005165 -0.006084 -0.006153 0.003394 0.000403 0.002662 
, 0.294442 -0.423060 -1.086242 -0.967455 -0.072605 0.408400 0.312494 0.124189 0.204359 -0.389320 0.033909 0.359862 -0.380426 0.323331 -0.198242 -0.154351 0.686225 0.278061 -0.292485 0.021561 -0.322204 -0.595686 0.340525 0.394630 0.180038 0.113159 0.631520 -0.021868 -0.079413 0.168954 -0.048834 -0.975059 0.451883 -0.239998 -0.838831 0.286519 0.157341 -0.022764 0.750046 0.295252 0.087085 -0.512762 -0.015018 0.989536 0.858354 -0.447267 -0.225838 -0.456773 0.780297 -0.499071 
的 0.672839 0.118646 -0.746302 -0.614625 0.519679 0.664463 -0.472907 1.095128 -0.124418 0.183588 -0.268719 0.252319 -0.563137 0.675759 0.060287 -0.315158 0.156853 0.249596 -0.192877 0.788237 -0.669832 -0.522323 0.274678 -0.308379 -0.478329 0.306156 0.471832 0.339217 0.155979 -0.026750 -0.433540 -0.288734 0.551019 -0.300526 -0.081030 0.319858 -0.273936 -0.185390 -0.519557 -0.039941 -0.041299 -0.382934 0.247410 1.019274 -0.265553 0.560952 -0.065568 0.567532 -0.234265 0.544367 
。 -0.018883 -0.160160 0.162053 -1.220420 0.034816 -0.531400 -0.419044 1.325062 -0.062334 -0.124517 0.126676 -0.543581 -1.081117 0.926204 0.021373 -0.058300 -0.807939 -0.315136 0.417583 0.891495 -0.802097 -0.568486 0.514701 -0.060492 -0.014345 0.593527 1.137495 0.958424 -0.677868 -0.364894 -0.010848 -0.213088 0.371227 -0.585107 -0.249891 0.621305 -0.327886 0.402921 0.525893 0.555875 -0.302908 -0.953483 -0.346455 0.761458 0.742711 0.754970 -0.972287 -0.456147 0.729890 0.202083 
中 0.374535 0.746179 -1.579022 0.978800 0.404334 1.267703 0.112977 0.293957 0.535134 0.347059 -1.414165 -1.445617 -0.325194 -0.856220 0.800638 0.229744 0.291271 0.422618 0.035137 -0.237664 -0.616116 0.157614 -0.656624 0.124589 0.337379 -1.015587 0.281679 -0.407432 1.471991 -0.092618 -0.068861 0.356999 -0.440132 -0.337705 -0.187702 -0.566931 0.818232 -1.307160 0.107841 -0.513018 0.105392 0.368479 -0.157308 -0.442538 -0.416741 -0.021097 0.407873 -0.373768 -0.327314 1.654429 
0 -1.701111 2.347603 -0.246050 0.335115 0.367479 -1.028045 -0.010329 -0.251468 1.103540 0.507594 0.987364 -1.225153 0.435583 0.915804 -0.305465 -0.124984 -0.756717 2.092777 1.104989 -2.070129 -0.137043 0.631221 -0.821029 0.638575 -0.647745 -1.230088 0.435446 1.169962 0.119450 -2.616637 -1.020457 -0.701592 0.126457 1.601867 1.706200 1.259108 0.368312 1.212281 1.671223 -0.166913 0.235534 -0.608530 -1.180678 0.022315 1.323581 0.783202 -0.480025 -1.910533 -1.109907 0.477815 
一 0.793254 0.519036 -1.454467 0.743319 0.044460 1.314878 0.815778 0.636217 0.396169 0.340485 1.762437 0.248284 -0.132902 0.517434 0.782975 0.080854 -0.466525 0.076975 -0.648742 0.621212 -1.258082 -0.638929 2.006031 -0.910022 0.622418 -0.042164 -0.813766 0.141032 -0.256560 -0.280789 -0.914300 -0.320066 1.060542 0.229001 0.067850 0.213781 -0.486960 -0.191487 0.789475 -0.107559 1.023504 -0.699774 0.011096 -0.402357 0.138075 -0.501056 -1.022916 0.798617 0.803682 -0.223085 
、 2.151810 -0.176389 -0.259061 1.945258 -0.719719 -1.386645 -0.946251 -0.580987 -1.716419 0.762851 -1.100935 -0.021570 -1.671991 -0.543705 0.411442 -1.487091 -0.083764 -0.614746 -0.935625 -0.620556 -0.343562 3.077050 -0.651761 0.656740 -0.086038 -0.637052 0.158326 -0.243097 0.652121 0.575891 -0.089380 1.414816 -1.039403 -0.339215 0.999614 -2.312889 0.839425 -0.104759 0.612260 -1.108386 0.613584 -0.000395 0.367736 -1.239114 -0.028449 0.311653 0.907659 0.369570 0.012377 0.645593 
1 -1.020873 2.401320 -0.370659 0.422189 -0.330239 -1.039122 -0.135677 0.880419 1.269288 -0.157582 0.225252 -1.289771 0.752117 0.191427 -0.462353 0.599687 0.501719 2.083082 1.742418 -2.118279 0.013647 1.029064 -0.337473 1.107180 -1.418702 -1.280684 0.419280 0.615363 0.324750 -3.555490 -1.225397 0.121481 -0.034975 1.599282 1.316544 0.668342 -0.325267 0.275284 1.545586 0.364857 -0.469585 -0.910161 -0.932311 -0.215726 0.458180 0.201995 0.457504 -2.373741 -1.039646 0.470605 
在 0.094708 -0.613718 -1.074592 -0.443205 0.044904 1.392078 0.252839 1.088699 0.466065 -0.595253 0.316449 0.491574 0.392404 -0.473975 -0.237720 0.544654 0.172752 -0.118585 -0.170356 0.219788 -0.956306 -0.444332 0.956526 -0.420484 -0.599685 0.006762 -0.234205 -0.289368 0.403780 0.502627 -0.845830 -0.622320 -0.021027 0.637617 -0.015012 0.106615 0.353998 0.001215 0.602802 0.283377 0.832697 0.643822 -0.500282 -0.811900 -0.495937 0.191251 1.376024 -0.184174 0.356628 -0.108611 
人 -0.085963 0.350263 0.321699 -0.545682 -0.482407 0.089196 -0.545251 -0.150972 0.882990 -0.362893 0.060194 -0.598495 -1.092619 -0.491955 0.385434 0.382039 -0.509736 0.489318 0.412134 0.319987 0.048921 0.696809 0.329363 -0.473681 1.656631 -1.095406 0.124236 -0.236084 1.309642 -0.119849 0.501293 -0.294094 1.674544 0.278878 -0.888210 -0.050118 -0.281839 0.498582 -1.014036 -0.368494 -0.498645 -1.910958 -0.557539 1.376313 2.017393 -0.110785 -0.087046 0.291958 0.278438 0.387225 
2 -1.120057 1.905533 -0.235320 0.793898 -0.031785 -1.459067 -0.703223 1.045985 1.327100 0.600110 -0.044403 -1.051723 0.206231 -0.001698 -0.740239 0.673848 -0.055390 2.330358 0.902511 -2.159118 1.380723 1.283061 -0.725538 1.720815 -1.093055 -0.494781 1.070946 0.280111 0.062972 -3.055561 -1.179788 -0.798774 0.133689 1.659265 1.896759 1.091479 0.530355 1.068935 1.839171 0.249548 0.311282 -0.591963 -0.670112 -0.140364 0.626675 1.667272 -0.245614 -1.671031 -1.059624 -0.137869 
大 1.190491 0.470935 -0.958587 0.392316 0.538393 -0.029599 0.415033 1.050147 -0.477551 0.023169 -0.765413 -0.397547 -1.394696 -0.451976 0.601875 0.251680 0.196648 -0.581820 -0.862665 -0.172938 0.043029 -0.359598 0.890557 -0.227466 -0.363891 -0.112464 -0.376837 0.450633 0.439698 0.140466 -0.821125 0.638637 1.093285 -1.297044 0.728390 -0.093937 -0.124335 -0.735953 -0.360200 -0.046344 0.244006 -0.574320 0.160595 -0.498480 0.797008 0.488814 -0.065231 -0.373911 -0.090636 2.302944 
日 0.831186 1.038743 -0.781935 -0.061512 -1.428136 0.775548 -0.757412 0.837805 0.654498 -0.521305 0.028482 -1.461241 0.264780 -1.351823 0.395675 0.772825 0.810628 1.372030 -0.108003 -1.128789 -1.040439 -0.172920 -1.094405 1.148633 -0.399234 -0.062519 -0.498803 0.552227 0.491377 -2.431845 -0.724974 0.002322 -0.704504 2.428279 -1.125201 0.508322 1.381263 -0.559645 0.780247 0.062378 -0.946902 0.972457 -1.929211 -1.809064 -0.604647 -0.263430 1.260921 -1.595488 -0.648525 -0.232260 
有 -0.867916 0.552266 -0.550245 -0.755808 0.525204 -0.045667 -1.125699 0.483560 -0.478916 0.980575 -0.022574 0.959174 -0.700006 1.440208 0.013620 -0.555463 0.111779 0.528556 -0.402018 0.230499 -0.172178 -0.423539 0.390396 -0.491811 0.835033 -0.131520 0.187495 0.027610 -0.223822 1.219820 0.147178 -1.100753 1.277343 -1.395214 -1.112712 0.871924 -0.501910 0.114120 0.874120 -0.098985 -0.293174 -0.453410 0.858591 0.586632 1.047985 -0.672408 0.104518 0.092455 0.563508 0.066913 
是 0.035350 0.350713 -0.999322 0.358074 0.294122 1.031576 -0.433009 1.080459 0.406943 0.828874 0.763332 0.714294 -0.154872 1.233060 -0.402029 -0.304879 -0.226803 0.206061 -0.644985 0.824531 -0.140213 -1.217014 0.839989 0.043819 0.362787 0.154750 -0.002356 0.577717 -0.609110 1.123073 0.047360 -0.723503 0.969073 -1.284446 -0.767216 0.657332 0.602538 -0.379711 -0.302891 -0.831662 -0.333920 0.019066 1.165993 1.041096 0.648613 -0.258565 0.181378 0.894032 0.144694 0.653479 
年 -0.128283 0.074832 -2.718716 0.396105 -0.572375 -0.158901 0.822551 1.154216 1.628572 1.040888 0.507410 -0.016602 0.261744 -0.662477 0.134698 1.032444 0.657158 1.504095 0.394903 -0.905680 0.409653 0.060949 0.911742 0.120484 0.130042 -1.288436 -1.080779 -0.710778 -1.216388 -1.929539 -2.492294 0.423718 0.618537 1.212648 0.701127 0.618678 0.381523 -0.117163 0.922604 -0.290136 -0.687597 0.424444 -1.716828 0.931792 0.417719 0.342673 0.077449 -2.817625 0.918936 -0.475144 
国 0.613415 0.079056 0.175398 0.388425 1.013884 0.361552 0.378799 0.268513 0.987566 1.055688 0.924431 -1.391184 -0.690059 0.777945 0.321759 -0.755810 0.355307 0.689346 -0.464788 0.285661 -0.782527 -0.408962 -1.512453 -2.548724 -0.356029 0.193231 0.177104 -0.477104 1.873534 -1.597111 -0.229259 0.398875 -0.696522 0.185105 1.406576 -1.208740 2.760828 -0.107560 -1.973099 -0.014081 -0.594464 1.634540 -1.227149 -0.574999 0.645334 2.402858 0.613878 0.128028 -0.195233 1.649147 
不 -0.717766 -0.327314 -0.349829 -0.447609 -0.096725 -0.699039 -1.605806 0.053113 -0.235817 0.066774 -0.156781 1.435082 0.143627 1.355061 -0.050256 -0.874715 0.310281 -0.373770 -0.148973 0.979394 0.033004 -1.135545 0.657680 -0.278589 0.307374 0.156252 0.416083 0.295520 -0.761017 1.750253 0.288812 0.124150 2.104496 -1.285803 -2.463179 1.438466 0.060496 0.665926 -0.452835 -0.455833 -0.936666 0.494855 0.748614 1.814681 0.874156 -1.180669 0.053643 0.610368 1.027591 0.248186 
十 0.657330 0.720478 -1.101907 1.770533 -0.230444 0.250024 0.350298 1.032465 0.433697 -0.179553 0.281393 -0.512607 -1.100236 0.022414 1.524011 0.503069 -0.011668 2.884911 -1.092064 -0.068591 -1.844928 -0.007084 1.697024 0.243350 3.161629 -1.154763 -3.004531 1.664121 -0.759256 -1.101297 -1.798379 -0.042596 -1.101496 1.844528 -0.228429 -0.702256 -0.664066 -1.338620 2.485798 0.704738 -0.028911 -0.789754 -1.096935 -1.726164 -1.193327 -0.026511 -0.643196 0.059591 0.558710 -1.235665 
國 3.149456 0.615578 -1.327507 0.664718 2.706983 -0.321910 0.733727 -1.439883 0.911071 -0.544402 -1.921355 -0.091489 -0.710755 -2.294513 0.327379 -1.208342 0.884319 0.801625 1.390758 -0.748282 -0.293394 -0.569164 -0.190910 -0.211112 1.142630 0.540280 -1.328705 -1.041600 -0.436033 1.511375 0.844325 0.887093 -0.862419 -1.237126 0.371686 1.215718 -1.146868 -2.482234 0.112602 0.171345 -0.429754 -0.332035 0.385454 -0.572816 1.170903 0.973768 0.523277 0.093552 -0.073523 -0.086347 
行 1.423718 -1.930624 -0.455826 -2.071624 0.837732 0.820020 -1.422609 0.112726 -0.536748 -0.066063 -0.017346 -1.877092 -0.205043 -1.266176 0.307891 -0.613373 0.553063 0.540240 -0.291961 0.221313 -0.534202 -0.660840 0.577990 -0.504543 0.377291 0.005114 1.196165 -0.538044 0.175593 0.679859 -0.256122 -1.951074 -0.202223 0.424687 0.136316 -0.370140 0.787583 0.191332 1.298922 -0.251450 1.933604 1.560569 0.673092 -1.266666 -0.982047 0.553936 -0.104509 -1.174589 0.788423 -0.112614 
和 0.937349 -0.142482 -1.112562 -0.002834 0.781519 -0.204089 -0.852236 0.487239 -0.926946 0.895233 0.075669 -0.954889 -1.227813 0.297212 -0.869374 -1.282372 0.054974 -0.427174 -0.430305 0.778171 -0.405497 1.374469 -0.007593 -0.818530 -0.484084 1.405850 1.134139 0.077775 1.519357 0.285611 -0.241164 0.176105 -0.505549 -0.322487 0.300816 -0.924818 1.160682 -0.156028 -0.796525 -0.039736 0.153108 0.131819 0.353845 0.361522 0.715621 0.894431 0.584786 0.141461 -0.595207 1.094162 
上 -0.138814 0.624734 -1.324757 -0.445294 0.299570 0.816499 0.751343 -0.088442 0.653578 -0.384317 1.030010 0.480865 0.015536 0.345049 0.924002 0.552549 0.447047 -0.498185 0.015178 -0.791976 -0.295172 -0.381300 1.097188 0.701335 -0.711368 -0.842811 0.599024 -0.448348 0.694030 -0.817617 -0.959027 0.029518 0.350508 1.179437 1.215561 0.425132 0.572608 0.873094 0.620643 -0.282426 0.113028 -0.531015 -0.915320 -0.088919 0.534778 -0.029399 -0.177445 -0.093820 0.869919 -0.946313 
了 -1.098364 0.077038 -0.227380 -0.583399 -1.333712 0.189944 -0.031318 0.809270 0.400996 0.337905 1.379539 0.249970 0.083557 0.576973 -0.374826 -0.553059 -0.555224 -0.446533 -1.037734 0.276973 -0.072306 -0.077672 0.921906 -1.157151 -0.588835 -0.010831 0.285082 -0.152782 -0.440508 -0.491790 -0.351393 -1.040363 0.791987 -0.220294 -0.274112 -0.437553 1.113436 1.493139 -0.434820 0.585584 0.704074 -0.061260 -0.734792 0.686934 0.310724 0.683337 0.087967 0.245206 0.710875 0.701485 
出 0.655248 -0.387804 -1.113624 -0.573529 -0.047035 0.432130 0.818614 -1.243617 0.339481 0.258463 0.058945 0.644032 1.072335 -0.025529 0.538349 0.920548 0.516456 0.234747 -0.644784 -0.483976 -0.829219 -1.012666 0.608229 -0.275615 -0.307817 -0.642672 1.300573 -1.388363 -0.282355 0.423263 -0.009292 0.167395 0.408683 -0.142634 -0.581289 -0.274315 0.331068 0.318574 -0.603814 0.237653 0.797963 -0.551064 -0.026806 0.669537 0.330538 -0.571892 -0.982094 -0.010142 1.163298 -0.559782 
台 1.332821 0.592270 -0.245489 1.958004 0.461815 0.273313 -0.548297 -0.378019 -1.182036 -0.233819 -1.327673 -0.907396 -0.531975 0.810467 1.454155 1.944879 1.503241 -0.352263 1.807687 -0.790243 -1.801606 -0.454134 0.162679 1.704346 -0.210006 -0.913130 0.587689 -0.909217 0.650151 -0.213944 -1.354937 0.163302 -0.656250 -0.526238 -1.873709 1.498699 -0.797811 -0.481181 -0.021459 0.565995 0.788767 -1.141779 -0.169550 -2.767765 -0.032214 -0.133826 -0.151312 -1.446494 -0.684657 0.711900 
以 0.242126 0.466450 -0.893919 -0.990461 0.192328 -0.190387 -0.615475 0.132722 -0.433379 0.301156 0.134262 0.493274 -0.231026 -0.513358 -0.200298 -0.797412 0.094910 0.476109 -0.128974 1.655943 0.049673 -0.305532 0.411709 -0.265302 0.555877 -0.220441 1.446951 0.811023 -0.509684 -0.403260 -0.313201 -0.543333 -0.209180 0.452093 -0.268589 0.691573 -0.341795 0.717931 0.277728 0.401634 0.159001 -0.073414 -0.519138 1.226687 -0.063451 0.232938 -0.384530 1.191325 0.164966 -0.807687 
民 1.740960 1.272268 -0.794547 -0.086166 0.995905 0.791794 -1.668362 0.982257 -1.921524 -1.622883 -1.925734 -1.486131 -1.257995 -0.440458 -1.143565 1.168410 0.397848 0.784531 0.423404 -0.472463 -0.815394 1.446644 1.220573 -0.462790 1.935721 -0.205286 -0.202210 -1.380992 0.372614 -0.306953 0.118709 -0.201759 0.514052 -0.936461 -1.556568 -0.359550 -0.573068 -0.734875 -2.135375 -0.007652 1.106437 0.603291 -1.050394 1.105085 2.182843 0.349553 -0.034136 -1.254154 0.290492 1.184627 
地 -1.366591 0.001913 -0.462183 -0.318358 0.676575 0.772140 -0.400896 1.248281 -2.440224 -0.489343 -1.712048 0.612728 -0.166044 0.590889 -0.323041 0.939986 1.224772 -0.169247 -1.092539 1.161502 0.074465 1.240546 1.298908 1.197310 -1.083287 -0.744949 0.008757 0.214960 0.442835 -0.469517 -1.021837 0.590437 -0.040350 -0.970400 0.291038 -0.230230 0.091383 0.926409 0.147261 0.575938 1.662580 -0.668646 0.663346 -1.404917 1.042493 0.492020 1.182786 0.408681 -0.951752 0.524727 
月 -0.138672 1.070823 -1.746012 0.953795 -0.219749 0.423250 -0.017413 0.383430 1.147542 -0.662832 0.660515 -1.170509 1.386311 -0.344460 0.688897 1.297782 0.926017 1.802943 0.146123 -1.056945 0.323466 0.188431 -0.275576 1.327860 -0.846245 -0.680625 -0.343538 -0.026744 -0.796949 -2.486169 -2.216265 -0.095721 0.438401 2.600608 0.551035 0.703278 0.371687 0.162815 1.672447 0.403573 -1.355511 1.328772 -1.677653 -0.912441 -0.780726 -0.727342 0.233196 -2.357015 -0.559072 -0.848354 
新 1.005168 1.659063 -0.534895 0.577766 -0.553167 0.343266 -0.112917 0.301411 -1.573084 0.759726 -0.755729 -2.604028 0.572883 -0.986100 0.471449 0.370885 0.329848 0.627644 0.155974 -1.846773 -1.519328 0.549950 -0.301426 -0.247833 -2.006142 -0.085640 1.556670 -0.598907 -0.395970 -2.739152 -0.495773 -0.480816 0.177822 0.905916 -0.390103 -0.962446 0.493006 -0.146305 0.475168 -0.934988 -0.202209 0.734376 -0.370871 0.313762 -0.055401 0.292555 0.513488 -0.808497 -0.999839 1.019329 
會 2.831974 -1.417613 -0.137350 -0.171544 1.304001 0.321885 0.966528 -1.369730 1.347816 -1.284098 -0.621383 -1.581572 -0.427930 -1.703330 1.180495 -0.026097 1.098790 -2.035614 1.929315 -1.841706 0.910102 -0.325034 -1.405190 0.141175 0.599113 0.259899 -1.304990 -0.943037 -2.564541 1.472002 0.789617 -0.660074 -1.225074 -1.424439 -2.113049 0.526476 -0.757312 -2.836210 0.749638 1.432143 0.310499 -0.660568 0.044396 -0.294848 -0.080865 0.535632 1.112983 -1.440583 -0.191562 -1.654093 
: -0.756477 1.786930 -0.190693 0.281577 -0.976214 1.029074 -1.420986 0.035577 1.205763 -0.164950 1.199315 -1.589401 1.105029 -0.197241 -1.075563 0.347154 -0.367447 2.308212 0.405148 -2.820166 0.473360 0.438642 -1.965883 0.632317 -0.916575 0.319890 0.613748 0.132915 -1.184617 -1.681907 0.768566 -0.549654 1.032373 -0.319864 0.403607 0.937450 1.054371 0.191042 0.552104 -0.536002 -1.508916 0.188376 -0.366904 -0.068634 0.065158 -2.262405 0.077909 -1.186193 -1.825583 1.563699 
政 2.158681 -1.199177 -0.118893 -2.527832 2.283019 0.973304 -2.426207 -1.012269 -1.569004 -1.175852 -0.139085 -2.185653 -0.061253 -0.085828 -0.027787 0.363534 1.878158 1.945282 0.042470 0.571949 1.140713 0.193210 -1.202774 -0.443629 0.531405 0.912519 -0.490586 -2.555644 -1.241226 0.859837 1.103275 -0.962825 -0.300126 -1.258234 -0.015210 -2.115685 0.912437 -1.111392 -1.078634 0.001248 3.115868 0.723810 0.212866 0.322440 1.325326 0.530096 -0.491799 -1.172381 -0.567901 0.718701 
部 0.760135 -0.436892 0.577134 -0.968075 -0.159782 0.688315 -1.693058 -0.196166 -0.669134 -0.091240 -0.979817 -1.347644 0.668484 -0.373365 0.794323 -0.475528 2.132692 2.227718 -0.406596 0.886163 0.292000 1.409386 -0.470050 -0.915865 -0.308876 0.599489 -0.999995 -1.709573 1.000680 1.114677 -0.152175 -0.335079 -0.345693 -1.463110 1.551361 -3.619577 0.175595 0.276956 0.788495 -0.085579 0.835328 -0.854429 -0.248271 -0.901718 0.476752 -0.404591 1.519684 0.297484 1.198806 0.832847 
市 0.633125 -0.285577 -0.060505 0.014875 1.223957 0.400798 -1.548815 -0.068315 -1.745524 -1.968677 -0.990092 -0.152122 -0.087139 -0.839779 -0.082817 0.870896 1.274432 -0.688913 -1.160745 -2.144869 0.020340 0.499158 2.230981 1.512905 -0.803604 -0.879360 0.173010 -0.920468 -0.282443 -0.009339 -1.742008 0.477771 0.018937 1.167226 -0.190661 -0.478558 0.765009 0.340150 -0.139280 -0.814612 1.461957 0.207778 0.928876 -1.742052 -0.171966 0.746846 1.178822 -0.725801 0.485386 0.929368 
多 -1.049011 1.451619 0.354302 0.170977 -0.324777 -0.551285 -0.746292 1.387253 0.881457 0.582469 0.036758 -0.048736 -1.050632 -0.014823 0.610628 -0.002193 0.407996 0.549682 -1.511994 0.263975 -0.493108 0.889640 1.645543 0.298010 -0.905386 -1.549169 -0.192084 0.390575 -0.885410 0.211605 -0.844614 -0.104027 1.682206 -0.910186 -1.339836 1.064599 -1.484962 0.388923 -0.598963 0.527070 0.210878 -2.026282 -0.223563 -0.221217 1.612106 0.913064 0.552958 -0.152565 0.242971 1.173074 
成 0.415862 -0.513007 -1.747760 -0.564246 0.319034 -1.916322 1.003873 0.972817 0.509488 0.952818 -0.589413 -0.796187 -0.292870 0.892548 0.999297 -0.838092 -0.526952 0.439332 -1.066183 0.434859 -0.677846 0.230837 1.396863 -0.037690 -0.508842 0.428423 0.657975 -0.224556 -0.482859 0.597691 -0.499959 -0.632765 -0.476285 -0.590705 0.006114 -0.070292 -0.217714 -0.514844 1.322186 0.634624 0.325551 0.403719 0.512647 1.374699 0.577123 0.382908 -0.518664 -0.225071 1.194987 0.475785 
3 -1.069543 2.664043 -0.207464 0.474257 -0.169036 -0.847080 -0.270247 0.512095 1.051160 0.070643 0.227981 -1.506849 0.821580 0.327806 -1.028668 0.524302 -0.140008 2.091715 1.429523 -1.964832 0.134170 1.035099 -0.489903 0.988623 -1.114850 -0.923813 0.979984 0.648049 0.577634 -2.869866 -0.470589 -0.015948 -0.086127 2.021080 2.046410 0.409540 0.291788 1.101359 1.538308 0.105823 -0.442344 -0.777375 -1.096862 0.047382 0.371348 0.364695 0.103937 -0.889808 -0.303948 -0.256866 
公 -0.122722 0.129124 0.381444 0.530653 0.933401 -0.356221 -2.010928 -0.019828 -1.426198 0.838121 0.149841 -1.018304 1.656382 -0.396237 2.433988 0.456843 -0.728946 0.221131 -0.321731 -1.922391 0.039985 -0.739505 0.235350 -0.159190 0.123297 0.079807 -0.098241 1.298324 2.361319 0.943194 -2.826945 -1.122030 0.714829 -0.529443 0.630597 -0.434056 0.907951 -0.180808 1.391966 -1.406391 0.017539 -2.235507 1.248215 -1.991273 -0.515557 0.347521 0.802146 0.269501 0.203579 -0.817021 
“ -0.297623 0.043765 0.553503 2.526033 -1.312302 -0.153288 -0.856834 1.480106 0.294824 0.977187 1.203632 0.848269 -0.170968 1.229994 0.285517 0.311446 -0.325950 -0.413814 -1.700323 -0.087503 0.233641 -1.059183 -0.410048 -0.939669 1.546758 0.122772 1.530306 -1.035248 0.389654 -1.292204 0.335819 -0.050595 1.160791 0.314869 0.916903 0.270489 2.625610 2.800658 -1.557003 0.212640 0.164744 0.236174 0.240103 0.353409 -0.502498 -0.453301 -0.329558 0.701368 -0.741905 1.967904 
” -0.211849 -0.952763 1.349106 2.129302 -1.986843 -0.056090 -0.885516 1.599196 0.003235 1.009692 0.605254 0.442295 -0.595758 1.884421 -0.190477 -0.162590 -0.622206 -0.846322 -1.867779 0.144020 0.533263 -0.838432 -0.439965 -0.629744 1.426777 0.141105 0.720475 -0.901502 0.624836 -0.440857 -0.359929 0.318523 1.499599 0.771295 0.635665 0.386824 2.598208 2.618628 -0.810050 0.843760 0.404841 0.851491 0.156076 0.568730 -0.018932 -0.652528 -0.671597 0.656866 -0.581409 1.986064 
到 -1.357102 0.444715 0.375041 -0.768369 -0.700629 0.882732 0.081757 1.098840 1.825451 -0.838740 0.562588 0.725571 0.414104 0.435436 0.271891 1.057884 0.277818 -0.977849 -0.587773 0.363179 -0.864151 -0.166795 0.975774 -0.586453 0.085780 -0.566304 -0.412645 1.389205 0.223816 0.102144 -0.984965 -0.021181 0.718506 0.228566 -1.199699 1.058957 -0.378251 0.335116 0.058755 0.419315 0.568330 -1.214153 -0.203240 0.223080 0.877719 -0.006023 0.073047 -1.416207 -0.042227 0.226495 
要 0.456535 -0.360487 -0.588912 -1.190856 0.820875 1.466587 -2.424418 -0.654395 -1.729290 -0.507000 0.626467 0.695170 -0.417396 2.276046 -0.813218 0.117295 0.313350 -0.653234 0.677895 0.315532 -0.084307 0.082940 0.515108 -1.485712 -0.057982 1.990667 0.121925 1.177608 -1.500471 1.221948 0.864430 -1.276168 0.708932 -1.148231 -0.136280 -0.557984 -0.889422 0.252300 -0.910670 -0.711425 -0.180882 0.881020 -0.363229 1.576582 1.363513 0.827888 0.126376 0.118752 0.236547 -0.402393 
9 -0.565993 1.696167 -0.307138 0.651766 -0.163653 -0.394404 -0.367774 0.403424 1.759233 0.687760 1.076711 -1.422682 0.684574 -0.184036 -1.288661 0.886473 0.235077 1.879548 1.094812 -1.721420 0.414975 1.066249 -0.872845 1.290426 -1.024289 -1.055487 0.459336 0.654139 0.857036 -2.352327 -1.872960 -0.131124 0.600586 2.224464 2.450448 0.058345 0.666248 0.088749 1.504256 0.113837 -0.862056 -0.666076 -1.033498 0.379061 0.481624 0.684417 -0.070863 -1.957467 -0.464383 -0.233787 
他 1.540706 0.058819 0.000855 -1.642386 0.163008 2.462315 0.521294 -0.246805 1.118766 0.124873 -0.242976 1.466881 1.184628 0.816615 -0.582848 0.727237 -0.008061 0.013136 0.426861 1.067487 -0.328021 -0.427266 -0.619015 -1.299953 1.007794 0.448739 -0.592901 -0.088787 0.479287 -0.067237 0.772248 -1.196611 1.947224 -1.381997 -2.523881 0.861623 -0.712232 -0.111409 -1.653378 0.381869 -0.289444 -1.377918 0.199143 1.550150 0.258248 -1.401022 -0.080362 0.572373 0.651296 0.312519 
生 -1.440172 -1.293666 -2.050031 0.627295 -1.951348 -0.296031 0.714635 1.672107 -0.789272 0.917383 -1.524106 -0.059609 -2.260081 1.170003 0.412238 0.847692 -0.060941 -0.526423 0.957069 0.144006 -1.023260 1.386866 -0.361546 -0.046436 -0.325895 -0.593193 -0.398153 -0.328566 -0.464346 -0.168063 -1.099893 -0.252652 1.912473 -0.303012 -0.258446 -1.623762 -1.478853 0.243152 -0.548148 0.231849 -1.812805 -0.309220 1.594392 0.806522 0.390254 -0.758635 -0.669666 -0.668530 0.307713 0.253726 
家 0.050655 -0.557183 -0.644371 0.458825 0.842713 1.260741 0.624099 -0.065292 0.747146 0.585340 -1.195936 -0.046222 0.112913 0.171506 -0.112741 -0.382613 0.597298 0.198137 0.016180 -0.216086 -0.798621 1.063206 -0.280839 -0.611088 -0.323108 -1.107082 -0.941627 1.352950 1.098626 0.184550 -1.451918 -0.934401 1.401299 -0.937260 -1.319826 -0.021068 -0.949732 0.389968 -1.260685 -1.289680 0.163394 -0.848531 -0.318995 0.139951 1.090425 0.874090 1.271322 0.541859 0.079052 0.406690 
天 0.738634 -0.854241 0.108716 -0.672220 -1.039394 1.359162 0.565203 0.344234 1.788538 -2.040655 -0.403033 1.054985 1.718669 -1.230378 1.657219 1.315009 1.639377 0.187404 -0.317057 -1.694844 -0.810454 -0.851096 -0.663436 0.083367 0.199145 -1.196897 -0.989388 -1.338615 0.126808 -0.458256 -0.191164 0.302266 0.418829 1.615982 0.270288 0.601655 0.135360 -0.053539 0.677500 0.519193 0.257687 0.489683 -0.090748 -1.564057 0.305353 -0.044212 1.814886 -1.600300 1.370569 0.002759 
分 -0.404711 -0.005208 -0.544983 -0.051396 1.697626 -0.984040 1.291349 1.381864 0.633593 -0.967040 1.938950 0.990915 -1.075741 0.753114 -0.420566 0.242526 0.501100 1.517104 -2.082807 1.152471 -0.909745 1.621520 1.945186 1.413679 2.381615 -1.090812 -0.818584 -0.186341 -0.719752 0.378847 -1.139076 -0.340703 0.065842 0.217267 0.971810 -1.292613 -0.103841 -0.685220 1.170148 -1.102583 0.199847 -0.916458 -0.183360 -1.187989 0.308027 -1.686302 -0.641948 1.006604 1.673177 -2.104557 
5 -1.049684 2.348692 0.262392 -0.206778 -0.300720 -0.887889 -0.638800 -0.494039 0.605153 -0.174598 1.001552 -1.165364 0.650418 0.591256 -0.960139 -0.237978 -0.897160 2.572741 0.971009 -1.782151 0.241755 0.864116 -0.880595 1.137894 -1.527394 -1.674221 0.760389 0.571875 0.572115 -2.507128 -1.375026 -0.466506 -0.296724 2.169939 2.060469 0.671449 -0.228567 0.114994 1.391823 -0.213357 -0.148732 -1.136216 -1.474875 -0.219794 0.201832 0.566126 0.408991 -1.670865 -1.322349 0.037737 
法 0.524929 -1.578139 1.070786 -0.846084 0.455343 1.541128 -2.777879 -0.516242 -0.478541 0.340962 -0.228695 -2.261831 -0.236247 -0.315772 0.542880 -0.116698 -1.732540 0.536634 0.893242 0.608863 1.528228 -0.177601 -1.680843 0.334375 0.852077 0.842571 -0.120643 0.864582 -0.367125 1.014216 0.797325 0.377205 1.655681 -0.765436 -0.693937 0.168365 1.248153 -1.464693 -0.468119 -1.893206 1.085232 0.537864 -0.727603 -1.459180 1.982116 -0.162454 -1.345850 0.215302 0.615191 -1.302541 
二 1.705877 0.444612 -0.889387 1.099287 0.635631 -0.410230 0.624166 0.875506 0.836399 -0.691005 0.586613 -0.459835 -1.179883 -0.291198 1.784368 0.282125 -0.355000 2.474268 -0.680061 0.034770 -1.509261 -0.321688 1.571417 0.657672 2.358795 -0.871087 -2.035879 0.876372 -0.453581 -1.239862 -1.376588 0.640031 -1.252004 1.539887 -0.405806 -0.203898 -0.496374 -1.725996 2.130742 0.077402 0.660955 0.111580 -0.266893 -1.595284 -1.165263 -0.658982 -1.578780 0.505675 0.343231 -1.127555 
会 0.217850 -1.134760 0.777586 0.266307 0.138169 0.404178 -0.416719 1.997337 1.233791 0.789675 1.389062 -1.840791 -1.660474 0.216298 0.385291 -0.039621 -0.207828 -1.066130 -0.832667 -0.106473 -0.248479 -0.951334 -0.895481 -1.408056 0.163423 -0.328849 0.149688 -0.354466 0.302964 -0.136955 -0.482695 -1.929217 -0.366644 -0.766788 -0.709153 -1.353703 3.938587 -1.054393 -2.480401 1.247645 -0.024892 1.121915 -1.983978 0.380028 -0.390213 1.086856 1.440158 0.135447 -0.464957 2.123408 
者 0.273687 1.054594 0.449793 -0.874336 -0.346297 0.273230 -0.886650 -0.846063 -0.118083 -0.768559 -0.567756 -0.512441 -0.437633 0.060662 0.165039 0.724129 -0.092339 -0.212270 -0.584094 -0.855142 -0.861132 0.613819 -2.166055 1.152488 -0.507970 -0.658925 -0.243632 1.145933 1.966460 -2.500346 0.273387 -1.508287 0.254445 1.760032 -3.662199 -0.341674 0.262183 -1.135752 -0.275106 -0.686954 0.289706 0.155271 0.321817 -0.005265 -1.364688 -1.139497 -0.718575 -0.273217 -0.051753 1.067935 
表 0.726792 -0.748763 -0.546321 -1.517254 0.723436 1.969302 0.585582 -1.413229 0.676913 -1.252344 0.015377 1.299920 -1.157553 -1.264178 1.565757 0.421740 2.099685 -0.063459 0.417606 0.309255 -0.302575 -0.734509 -1.553552 -0.915034 0.442974 -1.789043 -0.436093 -0.111389 2.167823 -0.049284 1.496092 -1.526000 -0.538698 -1.570930 -0.663497 -0.049268 1.521585 -1.653524 -1.092340 0.544684 0.961328 -0.197386 0.188150 0.468961 -0.165960 -0.672533 1.582199 -1.759487 1.737139 0.442328 
) 0.756470 0.832116 -0.125546 1.153697 0.128567 -0.732184 0.339092 -0.023680 -0.178460 -0.530581 -0.876942 -0.399316 0.403894 -1.506916 -0.492056 -0.544024 0.439709 1.369202 0.171906 -3.224147 -1.071295 1.187281 -2.043233 0.640886 0.566627 -1.356301 -0.897343 0.354775 0.695769 -2.073175 -0.349446 -0.343804 -2.083028 2.353983 0.711811 0.561460 0.575764 -1.122190 0.404269 -0.979414 0.505591 0.505856 -0.667906 -0.910081 -2.336355 -0.946214 -1.205641 1.357655 -1.411085 0.218390 
( 0.713861 1.097904 0.564591 1.876114 0.165249 -0.454162 -0.226687 0.493978 0.204952 -0.557929 -0.998770 -1.044389 0.292209 -1.647541 -0.099173 -0.178118 0.290081 2.893224 0.063282 -3.546396 -1.990287 1.052448 -1.647529 0.585976 -0.244524 -0.765105 -1.280442 -0.158322 1.265072 -2.223907 -0.845067 -0.276623 -1.783141 2.228437 -0.430786 -0.432488 0.196826 -1.599520 0.464405 -0.822824 -0.416591 0.946668 -0.343348 -1.307446 -1.492444 -1.488827 -1.365656 0.362437 -1.863440 0.370558 
为 -2.451330 0.431623 0.102837 0.399804 -0.394889 -0.493723 -0.452177 0.236364 -0.050202 1.282254 0.965793 0.097833 -1.042604 1.871339 0.077486 -0.503021 -0.822788 -0.034811 -1.583975 0.671768 -0.021014 -0.023795 0.113797 -0.962805 0.059083 -0.704259 0.886507 0.418723 1.130292 -1.145803 -1.316282 -0.640433 0.428175 0.378862 1.645547 0.443791 3.437166 0.651990 -2.287208 -0.600322 -0.984206 0.216185 0.756213 1.255555 -0.325608 1.863155 -0.799730 0.163328 -0.954659 1.039625 
作 1.087808 -1.165645 -0.557221 0.163844 -0.422174 0.481183 -0.273106 0.478851 -1.927922 1.435007 -0.035218 -1.177396 -0.512829 1.030409 1.230647 -0.308183 0.161245 -0.971168 1.695085 0.229611 -0.143234 1.560981 -0.002983 -0.839610 -1.547595 2.023456 1.255697 -0.159821 0.205187 0.664492 0.723617 -2.102599 -0.184769 -0.952900 -0.359275 -1.570814 -0.753834 -0.086318 -0.218730 -0.566244 0.553519 0.034084 0.325214 0.912058 -0.739008 0.280118 -1.102612 0.219310 1.422642 -0.124458 
三 1.181613 0.125686 -1.877356 2.141735 0.384222 0.310361 0.308983 0.880109 0.568936 0.410173 0.924983 -0.213226 -0.941180 0.192742 1.333549 0.663427 -0.219391 0.992799 -1.298116 0.076589 -1.438633 0.207086 2.096088 0.516279 1.965179 -0.948416 -0.846330 0.697898 -0.422872 -0.871097 -0.956690 0.651909 -0.392319 0.984705 0.767208 -0.614531 -0.156539 -0.965173 1.760564 0.392544 0.568851 -0.798981 -0.856858 -1.601679 -0.361674 0.339056 -0.938060 0.156922 1.487576 -1.271016 
方 0.069001 0.248683 0.069834 -1.176910 -0.378453 1.232657 -0.205659 -1.348960 -0.756042 -0.089697 -1.255172 -0.642205 0.273784 1.468845 -0.451384 -0.258395 0.780860 -0.425808 0.429111 2.591435 -0.341959 -1.212350 -0.586635 -0.516127 -0.544490 1.100281 1.313557 1.151623 0.345089 1.219719 -0.487161 -1.198216 -0.555508 -0.964365 0.811892 1.006535 -0.127331 -0.576808 0.453256 0.099160 2.396100 0.135179 -1.001282 -1.592863 0.219692 0.403004 0.809470 0.268621 -0.597592 -0.561813 
高 0.715551 -0.456971 0.632833 -2.233365 0.256991 -1.647424 0.325287 0.596122 -0.828417 -0.769035 -1.408213 0.973122 -1.004470 0.166343 0.625763 0.099837 -0.746240 -0.350752 -1.009016 -0.665124 -1.505441 0.452373 1.183925 1.779410 0.405940 -0.224185 -0.057557 1.761032 -0.563189 0.461303 -1.270795 0.150667 -0.154032 0.454105 1.681506 -1.205513 -0.058987 -2.187748 0.690355 -1.266325 1.280126 -0.709525 -0.638388 0.144368 -0.112152 0.096031 0.601043 -0.618112 0.137749 1.115764 
前 -1.043766 -0.987833 -1.149656 -1.464080 0.085187 0.429349 1.059458 -0.003429 0.256716 -0.276341 -0.010989 1.671249 0.918783 0.377658 0.076235 1.392136 0.285425 -0.171811 0.566032 0.552143 -0.696471 -1.048439 0.970373 0.250575 0.059665 -0.873453 0.207732 -0.371971 0.790214 -0.062754 -0.574754 -0.269282 -0.772721 0.006231 -0.750928 -0.320156 0.113556 -0.058389 0.717523 0.405354 1.411112 0.630680 -1.221886 -0.627687 1.782412 -0.547655 0.211685 -0.649455 0.893217 -1.107538 
北 0.903820 0.630149 -0.239943 1.012778 0.329965 0.608751 -1.356163 -0.283144 -0.316235 -1.227019 -0.760939 -0.009714 -0.072810 0.563950 1.242554 2.069788 0.359685 -0.578745 1.590144 -1.065367 -0.445157 0.464158 -0.401487 1.098277 -1.099285 -0.217783 -0.722035 -0.783238 0.673405 -0.326495 -1.514278 0.525462 -2.110614 1.186286 -0.189521 0.053049 0.794782 -2.000386 2.057897 -0.361650 1.510512 -0.825202 -1.097442 -2.510389 -1.120872 -0.880700 1.824257 -0.843637 -2.539808 1.949131 
社 1.963861 0.394646 0.241029 0.967618 -0.382265 0.546358 -1.511180 -0.459009 -0.738648 -0.060075 -0.336296 -1.879453 -1.791250 -0.934475 -0.218587 0.019291 -0.346656 1.054478 -0.917006 -1.054370 -2.287707 2.272175 -2.002201 1.259914 -0.111444 -0.119980 -0.234425 0.153899 0.421701 -1.582916 -0.049783 -0.829820 -1.262129 0.606995 -2.384752 -0.240745 0.500259 -1.744632 -0.442500 -0.072807 -0.085720 1.617415 1.015458 0.660306 -1.237122 -0.491981 0.667540 -0.719682 -2.173018 1.738096 
工 0.146543 -1.606436 -1.181672 -1.178909 0.333861 0.093803 -0.293319 0.084007 -1.625879 1.424164 0.551541 -2.435332 -0.039655 0.970628 1.660778 -1.388417 -0.081433 -1.325822 0.847400 -1.598212 -0.850473 3.620962 0.102800 -0.187885 -1.038666 0.760110 -0.731066 0.633910 0.078932 1.186576 0.470210 -0.833393 0.292401 -0.974358 -0.285144 -2.454426 -0.653983 1.339526 0.992663 -0.326094 0.254398 -1.283887 0.390374 -0.151766 -0.126616 0.804039 -0.614448 0.056894 1.952511 -0.574134 
4 -1.445554 2.720645 -0.587801 0.182930 0.120432 -1.275354 -0.129378 0.116603 1.094009 0.095955 0.251420 -1.022474 0.301380 -0.002436 -1.063722 0.771833 0.059078 2.204566 0.996257 -2.407144 0.001247 0.952519 0.307875 2.004456 -1.240761 -1.647091 1.276732 0.781471 0.611596 -2.358828 -1.466223 -0.384950 -0.122676 1.211674 2.765563 1.441258 -0.140760 0.318388 1.576943 0.490278 -0.094791 -1.075119 -1.061012 -0.254890 0.974614 0.141015 0.126679 -1.455836 -0.593133 -0.254488 
美 2.485269 0.659841 -0.695590 0.104882 1.759902 0.382810 0.780618 -0.699104 1.113939 1.337341 -0.253373 -0.419208 0.250941 0.178041 0.220118 -0.605167 0.432836 2.459893 -0.077318 1.025159 -1.313506 -1.809635 -0.854850 -1.609957 -0.469884 -0.066502 0.526508 -0.824143 1.529204 -1.102553 -0.192578 0.893264 -0.036401 0.460391 0.770314 0.636805 0.112635 -1.341525 0.418894 -0.625254 -1.326523 0.011231 -1.539799 -0.658862 1.790238 1.004176 -0.122634 -0.077523 -0.846006 0.960577 
8 -0.916977 1.711768 0.097293 0.162059 0.060855 -0.939112 -0.219521 1.377658 0.650206 -0.041741 0.532352 -1.841225 1.104290 0.111520 -0.910620 0.298766 0.425188 2.050026 1.428061 -2.280753 0.575609 1.057196 0.011636 0.892010 -0.272618 -1.526491 1.097350 0.218801 0.322110 -3.040176 -1.548013 -1.106981 0.092603 1.453164 2.432416 1.117890 0.151804 0.425824 0.988121 0.715961 -0.693021 -1.259795 -1.227962 0.206433 0.371629 0.515184 -0.756364 -2.281506 -0.393860 0.305981 
能 -0.714777 -0.634559 -0.766917 -0.823537 0.478926 -2.318558 -0.013187 0.966546 0.135256 -0.001391 -0.000028 1.074368 0.306596 2.381211 0.687748 -0.612041 -0.310904 -0.054109 0.681778 0.885846 -1.277516 -0.761320 0.207265 0.072730 -0.627367 2.225676 1.275138 1.079667 -1.172078 1.653601 0.585299 -0.863566 0.825911 -0.333177 -1.928630 0.938896 -0.734596 -0.254651 -0.431531 0.128089 -0.773885 0.842582 0.888060 1.872987 -0.369214 0.658855 -0.506026 0.302947 0.344038 0.774389 
发 -0.229182 0.364754 0.740826 -0.524411 -0.191460 -0.388983 2.106440 0.665422 -0.983297 0.623446 1.378378 -1.962317 -0.512366 1.090247 -0.726133 0.921439 0.350902 -1.191758 -1.401492 0.205481 -1.128142 -0.781989 -1.239406 -1.769514 -2.481461 0.608139 1.370495 -0.552919 0.027187 -1.845731 0.110005 0.180344 0.176794 1.276422 1.368084 -2.803715 2.875597 1.370303 -1.666476 2.078139 0.723762 0.560832 0.814099 0.094456 -0.629277 0.846811 -0.207091 0.134805 -0.021291 1.058945 
主 3.531371 0.311161 -0.943595 0.181108 0.956486 0.662064 -1.681299 0.004760 0.122615 -0.969059 -0.814122 -1.017631 -1.363958 -0.653167 0.501422 -1.372126 -0.839031 -0.573464 -0.245045 -1.184649 -0.064622 0.842538 -0.497393 0.020228 1.265973 0.029406 -0.122459 -0.986872 0.814317 1.079318 0.886107 -0.695756 1.728687 -1.007955 -0.218324 -1.474205 0.705040 -1.281548 -1.950970 1.119083 1.564701 0.283617 0.016782 0.031552 -0.039658 0.146409 0.091076 -0.296072 -0.208138 -0.291893 
全 -0.399260 -0.567267 -1.397075 -0.339255 0.427131 -0.639119 0.079175 0.244469 -0.713112 -0.494733 1.087081 -1.479570 -0.265148 -1.135742 0.390559 -1.349772 0.274734 0.373777 1.894696 -1.348375 -1.297935 1.521126 0.601705 -0.913453 1.152154 1.376980 0.503579 -0.290552 0.744280 0.689308 -1.679874 -0.363209 -0.851506 -0.329848 0.869178 -1.207994 0.419693 -0.168174 0.009227 0.670650 0.340687 0.444184 0.411463 0.226742 0.776563 0.419658 -0.635914 0.850569 0.537215 1.099622 
今 -0.144557 -0.493852 -1.468276 -0.408345 0.346011 0.214401 0.971595 0.313668 1.741651 -1.628890 1.007109 0.144016 0.529289 -1.031959 0.967039 2.390942 1.982507 0.137621 0.357126 -2.792440 0.598037 -0.272736 0.496001 -0.358318 0.294156 -0.417763 -0.550177 -1.497738 0.024309 -1.486006 -0.510080 0.269960 0.219510 -0.089040 -1.094117 0.157043 0.758197 -0.739972 0.569483 0.122512 0.322977 0.886928 -0.445827 -2.495940 -0.106587 0.163229 1.639620 -1.031880 1.589036 -0.526631 
加 2.697953 0.924552 -0.963831 -2.329084 1.739377 0.156308 -0.174914 -0.389525 -0.017214 -1.124310 0.451058 -0.377958 -1.454459 -0.819575 1.007677 -0.593618 -0.652367 0.896502 -0.979949 -0.571982 -0.299389 1.216135 1.009399 0.045984 -1.459195 1.365100 1.244825 2.068542 -0.909499 -1.056743 -0.964197 -0.395505 -1.013177 -0.426749 0.183707 -2.236887 -0.813082 -0.172916 -0.536047 1.461712 -1.073578 -0.404123 -0.344014 -0.428970 0.619851 2.204239 -0.155183 0.016496 -0.172536 1.506493 
6 -1.203112 2.653742 -0.720048 0.771611 0.162653 -1.032159 -0.483977 0.930117 1.204638 0.424090 0.519955 -1.178165 0.777187 -0.189155 -0.875736 -0.071337 -0.613650 1.913058 1.061074 -1.279738 -0.182639 0.818514 -0.623441 1.547128 -1.592867 -1.121534 0.562482 0.825322 0.871347 -3.048154 -0.698689 -0.643228 -0.140947 1.624459 2.246587 0.412815 0.745925 0.598269 1.147118 -0.257324 -0.583967 -0.651556 -1.545382 0.090332 0.286825 0.491361 0.435218 -1.594948 -0.443062 -0.329238 
時 1.046681 -0.547038 0.135334 0.467244 -1.073890 0.291264 -0.371987 0.892583 1.267164 -2.719195 0.270566 0.250785 -0.021699 -0.787594 0.267407 1.914849 1.736520 0.241313 1.408259 -1.511159 0.950791 -1.123363 0.268546 1.841688 0.164905 1.563333 -2.051104 0.261823 -2.761953 1.084551 0.461439 -0.193899 -0.454229 1.773429 -0.750352 1.883978 -2.314781 -0.053351 2.465710 1.530136 -0.738921 -2.349547 -0.653099 -0.238021 -0.247894 -1.327779 0.775327 -1.446632 -0.283264 -2.412025 
7 -1.005999 2.532583 -0.420655 0.602369 0.141719 -1.549196 -0.450371 1.454605 1.469249 0.041840 0.420904 -1.521347 0.509561 0.121985 -0.964635 0.327263 0.047175 1.816589 0.643473 -1.584807 0.551697 0.608100 0.217637 1.077005 -1.261885 -1.760709 0.648309 0.686477 1.148237 -1.733308 -1.012060 -0.429939 -0.271991 1.468512 2.829659 0.694485 0.277607 0.181738 1.059056 -0.206453 -0.533194 -0.795440 -1.381730 0.081041 1.036444 -0.517429 -0.164463 -1.759368 -0.851836 -0.267350 
下 0.210167 0.114426 0.015897 -0.864813 0.557777 -0.118101 -0.001032 1.298178 0.595976 -2.802757 1.488881 0.365571 0.001103 0.836804 1.129892 0.375902 0.958863 -0.721885 -0.351567 -0.884724 -0.344698 -0.540985 1.943642 0.001227 -0.592868 -0.972102 -0.043273 -0.320357 0.136250 -0.428402 -0.723447 1.178185 0.142889 0.443207 0.115180 0.457823 -0.507810 0.565418 0.713124 0.185979 0.406887 0.618285 -0.244919 0.125265 -0.173276 -0.002519 -0.005824 -0.493368 2.220631 -1.542342 
也 0.381341 0.057095 -0.554035 -0.966778 0.496142 0.538999 -0.109429 -0.097871 -0.536019 0.067266 0.371458 1.078582 -1.047002 0.552562 -0.049539 0.018823 -0.140854 -0.939131 -0.179901 1.025154 -0.205907 -0.206419 0.776309 0.111598 -0.207812 0.184366 0.605054 0.145092 0.026471 0.952170 0.335494 -0.302685 0.899985 -1.164502 -1.963209 -0.008379 -0.355798 0.285582 -0.504067 0.097032 -0.393849 -0.263670 0.124871 1.089196 0.338118 -0.326271 -0.023680 0.199256 1.027308 0.367058 
定 1.408281 -2.148957 -3.495728 -0.946482 1.115478 1.044944 -2.625347 -0.293145 -1.918207 -0.192760 1.969074 0.189167 0.637500 0.689142 -0.042368 -0.125149 0.014709 0.681506 0.784457 1.854615 0.543510 -0.325044 -1.429323 1.034641 0.593853 0.375073 -0.637189 3.279877 -0.837243 1.316666 0.391350 -2.341353 0.531188 -0.697184 -0.419647 -0.643418 1.013524 -0.530842 0.493886 -0.268350 2.608590 2.162256 0.617282 -0.483639 0.843833 0.741028 -0.368085 -0.876936 1.093895 -0.938162 
「 1.746616 0.116026 -0.982314 1.432259 -0.575604 1.810169 0.475458 -1.327679 -1.024338 -0.015558 -0.273563 0.293092 1.758257 -2.444398 -0.269136 0.265899 -0.019273 0.273671 1.860843 -0.904304 0.122118 -2.049087 -1.416795 -0.016635 1.507984 0.959381 0.181388 -0.849954 -2.150934 -0.828132 0.699809 -0.210060 0.438125 -1.221340 -1.576219 1.732203 -0.107961 -1.436428 0.095704 0.044018 -0.392069 -0.697610 0.789657 0.745905 1.886297 -2.462633 -0.508675 0.884917 -1.138420 0.237707 
这 -1.554507 0.436869 0.875998 1.115142 -0.150735 1.262454 -0.066788 1.721367 1.012517 1.658783 2.740162 1.486190 -0.510049 2.113290 1.066182 0.419106 -1.794863 -0.012464 -1.023673 0.606237 -0.314181 -0.953120 0.478238 -1.964214 -0.692981 -0.892269 0.392887 0.483937 0.905069 -0.583638 -0.412721 -1.532601 1.985580 -0.389770 -0.872203 0.111390 1.226834 0.670389 -2.181133 0.371119 0.656816 -0.281301 1.942783 0.127283 0.636312 -0.000282 -0.685101 1.331854 -0.474005 1.957224 
為 -0.097694 1.656106 -1.120733 0.980323 0.870888 -0.720296 -0.246685 -2.044597 0.005363 -1.387196 -1.207351 1.077753 -1.189265 -2.032610 0.342496 -0.420932 0.023237 0.040206 1.711734 0.351006 0.809324 -0.614349 0.654543 1.853043 1.252653 0.264236 -0.870782 -0.320135 -1.419443 2.012071 0.151944 0.845458 0.330428 -1.041818 -0.375329 1.680349 -1.032075 -1.664096 0.369261 0.269599 -0.128630 -1.358464 1.769779 1.890235 0.551660 -0.095738 -0.700824 -0.559184 -0.023765 -1.925665 
外 1.045731 0.698598 -0.550479 -1.167774 0.513219 -0.758758 0.166253 -1.834615 0.347258 1.105061 -0.861541 -0.555913 -1.773282 -0.275585 1.483833 -0.072713 1.152414 -0.279999 -0.119888 1.597500 -0.498213 -0.915436 0.290716 -0.819528 -1.004827 -0.677881 0.503522 -0.346026 1.254804 0.522631 0.008969 -0.073367 -0.228093 -0.608106 -0.198356 0.368809 -0.729048 1.066566 -0.407755 -1.215495 0.409902 -0.563683 -0.556817 -1.058061 0.319536 0.123665 1.160473 1.279540 0.518405 1.080157 
示 0.731286 -0.042571 1.186216 -2.868363 1.841133 -0.383372 2.463375 -1.437835 -0.832480 -0.143809 -1.285275 0.176114 0.005989 0.689577 -0.952730 1.718842 1.970078 0.364414 -0.496270 -1.038963 -0.604298 -0.078761 -0.935232 -0.621197 0.527623 -0.685480 -0.478786 -1.928451 1.876218 -1.567086 1.542928 -1.348177 0.243643 -0.493044 -2.494565 0.026633 0.753086 -1.920773 0.291732 0.067133 0.576783 1.566959 0.531216 -1.419715 0.761981 -1.103225 1.975539 0.677303 1.942353 -0.373735 
业 -1.128232 -0.160139 -0.676879 0.560736 1.657237 -1.807523 0.394211 0.543657 -1.718598 3.808352 -0.717386 -1.514743 -0.837865 1.279088 1.154224 -0.197153 0.617805 -2.004389 -1.088502 0.281156 -0.114416 1.459714 1.672907 -1.636648 -1.762599 -1.444221 0.582901 0.360947 1.245065 0.534844 -1.824712 0.180695 1.313471 -0.199690 1.515121 -2.943712 1.951976 2.734796 -3.136213 -2.384490 0.586415 -0.712645 2.010657 -0.084440 -2.147016 2.609415 -2.001624 0.221657 0.022338 0.498894 
可 -0.867348 0.631570 -0.282692 -1.172703 0.727685 -0.758698 -0.127478 0.205459 0.129047 0.279865 1.000853 1.040215 0.558289 1.135784 1.407825 -0.797441 -0.118651 0.291770 0.851472 1.508581 -0.441491 -1.354769 -0.171255 0.111275 -0.041107 0.877130 1.205600 1.515255 -0.505189 1.398715 0.258880 -0.696639 0.429967 -0.158606 -2.153045 0.401957 -1.149994 -0.095682 -0.292924 -0.227205 -0.022844 -0.431956 0.333532 0.837544 -0.213762 -0.282128 -0.704379 -0.184591 0.496827 -0.333440 
金 1.167213 -1.340764 -0.556171 0.385899 2.479182 -2.579616 -0.670745 -1.480937 0.154643 1.098388 1.018945 -0.592829 0.776687 -0.307988 -0.645012 -0.893890 3.110995 -0.302859 -0.476608 1.904857 -1.419887 1.380379 0.097268 1.154768 -0.292338 -2.379621 2.100457 0.233003 0.776096 -1.685433 0.157903 -0.465725 0.189321 0.667592 0.439682 0.105330 0.575484 0.806909 1.169280 -2.328858 1.084849 -1.341829 1.228965 -0.265289 -0.961743 0.734060 0.171148 -1.232412 -1.267857 -0.946996 
来 -1.651304 1.548999 -0.391749 0.672719 -1.037973 0.330742 -0.034267 0.594684 1.375438 1.155263 0.797802 0.667963 0.058579 1.777170 -0.013124 0.815843 0.322071 -1.365224 -1.048539 -0.318814 1.568943 -0.725823 0.739981 -1.302974 -1.898064 0.156584 0.347915 -0.409932 0.910940 -1.496822 -1.060517 -0.442120 0.744730 1.150338 0.223363 -0.350691 1.788995 2.439080 -1.312760 0.804375 -0.968517 0.171979 -0.755056 1.130905 0.104533 0.619016 0.306251 -0.167560 -0.741668 2.344151 
个 -2.194918 1.133801 -0.380239 1.040508 -0.327195 0.034838 0.172409 1.245914 1.816407 1.467597 1.383603 0.684415 -0.287431 1.533322 -0.860543 -0.634037 -0.513188 -1.678503 -1.917758 0.033533 -1.109164 -0.395035 0.447905 -1.411966 -0.364020 -0.394869 0.166149 -0.013699 -0.271078 0.136033 -1.043446 -0.832715 0.692707 0.694736 1.847495 -0.847656 2.612752 2.642003 -0.406100 0.736199 0.884860 0.087877 -1.506838 1.200196 0.471800 1.119552 -0.650258 1.111635 0.000773 0.621780 
事 -0.195976 -2.999808 -0.021864 0.091554 0.745039 2.084614 -1.516438 0.846513 0.509892 1.736257 -1.380437 -1.859448 -1.443429 0.208162 1.581208 -0.526010 0.365182 0.163975 0.341675 0.349906 -0.456197 -0.274472 -0.324337 -1.186775 0.168830 0.686808 0.394557 -1.041426 1.435866 0.516169 0.981586 -0.486576 0.615493 -1.309370 -0.752848 0.271383 0.427754 0.638886 -0.355395 -0.265989 -0.430861 -1.134061 1.267418 0.962400 0.554742 -3.258623 0.160611 -0.719534 0.518604 -1.778099 
及 0.712255 0.130099 -0.259762 -0.809026 -0.090809 -0.189137 -0.698863 -0.996554 -1.046140 0.891430 -1.104776 -0.772821 -1.072757 -0.557663 0.581540 -0.925399 0.757033 0.037708 -0.058637 1.013976 -0.977956 0.963439 -0.447121 0.264706 -0.462389 0.161281 0.831874 -0.332460 1.001473 0.642823 -0.157910 0.868341 -0.441216 -0.545226 0.388730 -0.431747 -1.058542 -0.020911 0.415922 -1.272076 0.217107 -1.032346 0.878782 -0.942984 0.082456 0.374116 0.045006 1.233084 -0.024209 -0.000598 
理 -0.245789 -1.252366 1.049317 -0.931131 0.632011 0.836999 -2.022341 -1.164599 -0.687855 0.568842 0.737439 -1.861548 -0.992866 -0.003565 1.050569 -1.786815 0.260623 -1.102063 -0.612901 -0.500555 0.406236 1.336440 -2.386446 0.398357 -0.800502 0.286842 0.555476 0.203121 1.441687 1.833933 -1.568301 -0.221001 0.605384 -2.132712 0.074867 -1.882055 1.775832 -0.169531 -0.472675 -1.083008 0.760783 1.077091 1.793422 1.170612 0.531389 0.012885 0.716542 0.347687 0.482862 -2.080247 
之 0.498629 0.726964 -1.327791 0.301139 0.015311 0.680297 -0.137548 1.111824 -0.109632 -0.139497 0.289229 0.188936 -1.927617 0.897428 0.672561 -0.551485 0.217491 1.250845 -1.073403 2.302261 -0.843530 -0.919114 2.056303 -0.125721 1.905897 -1.217119 -1.155807 1.221989 0.096025 0.381382 -0.750211 0.421251 0.183526 1.220955 1.132146 0.456071 0.104372 -0.845203 -0.437274 0.483866 -0.235544 -1.320231 0.260300 0.646651 -0.735661 -0.698281 0.092195 0.975736 1.342983 -0.678203 
对 -1.495100 0.334624 1.172927 -1.645310 0.468285 0.692360 -0.767497 0.422464 -0.616146 0.096848 0.342529 0.520075 -1.764383 1.081522 -0.118747 -0.530719 0.084874 -0.290624 -0.470601 1.276733 0.647636 -1.153243 -0.470558 -1.746775 -1.169462 0.703556 0.922776 -0.290489 1.861748 -0.598264 0.010561 -0.988497 -0.318505 -0.050637 0.366264 -0.950469 2.429370 0.328094 -2.369369 0.790349 -0.834698 1.524996 0.211233 -0.286534 0.127294 1.183831 -0.225908 1.742936 -0.312153 1.497036 
合 0.759040 1.029160 -0.825267 0.347417 3.301497 2.315932 -0.728902 0.542911 -1.948842 1.119860 0.938081 -0.910618 -1.867800 -0.296868 0.058899 -2.461524 0.514494 -0.602968 2.143141 0.000365 -0.681653 0.544839 -0.434568 0.392622 0.644329 2.328445 4.407489 0.981481 -1.248999 0.063906 -0.399576 -1.415829 -0.671540 -0.894435 -0.869124 -1.999788 0.766964 -1.060003 0.286901 -1.764914 0.736486 -0.669153 -1.604003 -2.419993 -0.997437 0.243204 1.009623 -1.075722 -0.404987 -0.262068 
至 -1.639826 1.316859 -1.014705 -0.443921 -1.398058 -1.723698 -0.594566 0.730241 1.385805 -0.961189 -0.662461 -0.809524 -1.025897 0.215767 1.863371 0.575613 1.444853 1.506181 -0.249214 1.477991 0.647221 -1.275146 1.329309 1.318604 -1.023145 -0.824324 -1.667083 -0.440722 -1.290783 0.416892 -2.373254 0.727827 -0.027459 2.107562 2.010117 1.775590 -0.865642 -0.157105 1.429095 0.052421 -1.694399 -0.795045 -2.657637 -1.124158 0.156335 -0.881866 -0.607650 -0.605406 0.138334 -0.029001 
重 -0.024140 -0.591478 -1.623204 -1.024867 0.763720 1.787222 -2.160406 2.019317 -0.972831 -0.284299 0.088183 0.242031 -0.864912 1.208664 1.362353 -0.049383 -0.551193 -0.369728 0.750775 0.848775 -1.430921 1.740655 0.546931 0.760388 -1.227672 0.262504 -0.295845 0.048458 -0.370141 0.211358 0.673903 -0.916880 -1.412158 -1.798491 -0.116621 -0.757958 0.162793 -1.438708 -0.188342 -0.580088 -0.348623 -0.530187 0.878015 2.097610 0.847193 0.384795 -1.287514 1.174460 -1.020504 0.839250 
同 1.182331 0.318905 -0.441182 0.676504 0.877114 1.131540 0.197892 -0.036656 0.006558 -0.223994 1.374827 0.159152 -1.962732 0.879465 -0.795670 0.358231 -0.466492 -0.880731 0.974515 0.948678 0.055626 -0.057596 0.194791 -0.788440 -0.100092 -1.022888 1.066814 0.491183 0.809168 0.486384 -0.302483 -1.602774 -0.500142 -0.748640 -0.123131 0.196801 -0.522074 -0.179456 -1.134097 -0.443879 -0.014773 -0.642594 -0.404787 0.538220 0.554562 0.072487 -0.010263 -0.182139 1.384428 0.594999 
元 1.535034 1.122689 0.704369 -0.196262 2.222353 -1.824493 -0.048122 -1.420693 -0.446946 0.660569 1.797251 -0.369144 1.045613 1.183525 -0.244424 -0.979729 0.460943 2.913847 -1.198312 1.207849 -0.589873 1.870188 0.048290 -0.198214 0.073288 -3.766710 0.573052 0.747582 -0.243929 -1.634891 -1.849188 1.359098 1.005342 2.078764 2.137971 1.360662 -1.475843 -0.124419 1.707268 -1.935055 -0.564986 -1.261635 -2.960605 0.827702 1.205354 1.868801 -2.071210 -2.725559 -0.749359 -1.266585 
度 0.303419 -0.561421 -1.811349 -1.938071 -0.447236 -1.126811 0.173180 1.259639 -1.363462 -0.579893 1.484316 -0.689309 -1.961832 0.222940 -0.145451 -0.852631 0.589623 1.817668 -1.370974 -0.375134 1.853431 -0.966298 0.533776 1.655778 -2.887306 0.114647 -0.210401 1.234455 -0.564621 -0.138898 -1.565752 0.077255 -0.845805 -0.232045 0.629105 -1.116899 -0.336075 -0.194857 0.479611 1.204564 -0.256642 -0.111720 0.442640 0.129049 0.453782 -0.552688 -1.014339 -0.175400 -0.068582 -0.565019 
」 1.922207 0.234163 -1.941762 2.052547 0.051368 1.063114 0.171258 -0.823450 -1.222196 0.270249 -0.734630 0.838699 1.688940 -2.245342 0.233940 0.162130 0.334432 -0.270468 1.802542 -1.058178 0.201331 -1.600356 -0.508658 -0.353386 0.673679 0.643548 0.573745 -0.582293 -2.369467 0.359080 0.692507 0.092964 -0.070388 -1.907898 -0.816302 2.209559 -0.522488 -1.370475 1.094395 0.217067 -0.801833 -1.753185 0.688563 0.780984 0.574208 -1.037944 -1.596981 0.233291 -1.023915 -0.422470 
五 1.513261 0.658076 -1.427830 1.544979 0.971516 0.258227 1.124884 0.416836 -0.455962 -0.154353 1.042708 0.305797 -1.578970 0.234656 1.251354 -0.096635 -0.487540 2.559224 -0.658633 0.555288 -1.490186 -0.183732 2.332751 0.449263 2.812743 -1.191604 -1.866469 0.665116 -0.226178 -1.039433 -2.531834 1.031354 -0.352793 1.741743 1.203679 0.076801 -0.905846 -1.482422 2.213728 0.371594 0.290458 -1.351513 -0.913883 -1.155569 -0.310961 -0.470687 -0.698665 0.494179 0.175772 -1.377698 
时 -0.834204 -0.185034 0.764464 -1.000071 -1.235044 0.168153 -0.290657 2.442737 1.580825 -0.458969 2.416532 0.535836 -0.173729 2.469314 0.079087 0.495168 0.745816 -1.217192 -1.703604 -0.422808 0.301989 -1.700822 -0.484069 -0.038716 -0.820971 0.763432 -0.838789 0.708556 0.302841 0.054611 -0.709659 -1.073139 -0.475529 1.914216 0.595439 0.235451 1.637817 2.530605 -1.310258 0.530095 0.355486 -0.129594 -2.415281 -0.673415 -0.720736 0.449987 0.630967 -0.358741 0.856380 0.683251 
力 0.933174 0.076960 -1.682993 -1.327208 1.408315 -1.564893 0.352034 1.389997 -2.629977 -0.793164 -0.108106 -0.962088 0.558805 1.098798 -1.021119 -1.584159 0.812707 0.534794 0.610160 1.055580 -1.760925 1.457526 2.099251 0.107840 -0.806027 2.346411 1.921970 0.837892 1.046644 0.848073 0.663034 -0.152442 0.529398 -1.831206 0.198583 -0.785250 0.101726 -2.610210 -1.633121 1.213479 -1.564466 -1.000470 0.871765 1.629529 -1.287600 1.241053 -1.344129 0.130512 -0.928987 1.620992 
建 0.396745 -2.204073 0.636205 0.273955 2.813992 0.848032 -0.378969 0.252910 -3.801525 1.332693 -1.040736 -1.741006 -0.486656 1.226168 -0.315512 -0.762813 0.059490 -0.885092 0.674214 -1.513007 -3.052473 2.388130 0.412749 1.205992 -0.406850 1.110531 -0.754765 -0.531286 -0.087958 1.112770 -0.936822 -1.177013 1.056062 -1.320290 0.310514 -0.458625 1.253782 0.107817 0.876822 -0.845265 2.171608 0.483496 -0.387162 -0.661393 0.122423 0.228344 1.799835 -1.690529 -0.433467 0.169110 
等 0.824453 -0.290091 0.230641 0.069131 -0.266151 -0.612247 -0.499385 -0.853868 -1.703309 0.889469 -0.856979 -0.453006 -1.402841 -0.214200 0.926328 -1.243612 -0.087727 -1.215963 0.058490 0.032618 -0.322262 2.317912 -0.643513 0.852868 -0.275070 -0.401932 0.833800 0.142220 -0.553096 0.277434 -0.136345 -0.644181 -0.329473 -0.157841 0.206888 -1.723836 -0.764263 0.679381 0.070633 -0.853869 0.576982 -0.459829 0.273442 -1.546150 0.562644 0.868514 0.537771 -0.127790 -0.376688 0.156807 
四 1.114814 0.108870 -2.254584 1.867638 0.002804 0.368272 0.911610 0.489914 0.653979 -0.803255 0.885685 -0.166004 -0.571448 -0.085415 1.496768 -0.117805 -1.244894 2.328685 -1.046066 -0.235228 -1.831238 0.711485 2.143901 0.142242 2.182945 -1.353062 -1.990401 1.560503 0.151734 -0.291361 -1.537917 0.527678 -0.675050 1.554615 0.468673 -1.051787 -0.457969 -1.452184 2.244963 0.937417 0.565451 -1.545450 -0.604671 -0.664231 -0.236719 -0.093934 -0.312769 0.705800 0.705436 -1.364469 
自 -0.408020 0.469466 -1.139345 0.742430 -0.663070 -0.123985 -1.480234 1.012030 -0.782157 -1.274670 -0.624552 1.222936 1.007997 0.028988 -0.630205 0.800777 -2.132860 0.378409 1.076524 1.101417 0.986608 0.903713 0.187330 -1.336506 0.143088 0.011981 0.211002 -0.148292 1.028390 -0.089080 -0.888839 -1.804669 1.963945 -0.885434 -1.154497 -0.800881 -0.480775 -0.283853 -0.478742 -0.343056 -0.329918 -0.481223 0.424999 1.839732 0.291869 -0.262530 -1.187016 0.009992 0.530757 1.215762 
本 0.242408 1.345854 -1.588020 0.215316 1.459374 -0.353778 0.527910 0.303449 -0.324953 0.376031 1.043414 0.079294 0.018437 -0.801275 0.042887 0.356983 0.208593 0.737879 0.055393 0.657263 -0.405450 0.091810 -0.190848 -0.227680 0.029456 -0.610538 0.164192 0.240126 -0.359568 -1.046228 0.234850 -1.382305 0.525113 -0.254125 -0.762183 -1.186894 0.898635 -0.449725 -0.541496 -0.981801 0.547693 0.877628 -0.169704 -0.728533 0.379320 0.455082 -0.401465 0.327406 0.223564 -0.609561 
用 -0.561448 0.503733 1.093773 -1.296858 -1.199686 -1.734039 -1.639663 0.145834 -2.625972 0.876730 -0.249564 -0.066639 0.530382 0.618049 0.418348 -1.366772 -0.404170 -0.290797 0.662059 0.614189 -0.443909 1.062495 -0.489031 -0.762607 0.400619 1.023715 1.353981 1.606681 -0.711918 1.714734 -1.217517 -1.343538 1.240576 0.398865 -0.663552 -1.237387 -1.804046 0.945773 0.470108 -1.876632 0.173304 -0.451038 -0.155973 0.055290 0.133038 0.878424 -0.333967 0.360492 -1.761954 0.261259 
名 0.071318 0.695248 -1.569795 -0.570878 -1.163864 0.678427 0.404581 -0.871967 1.833811 0.652005 -1.702377 -0.687790 -0.738507 -1.425251 -0.066133 0.198716 -1.525803 0.548379 -1.159133 -0.149222 -1.197667 1.414721 0.515960 -0.646968 2.917034 -1.119379 -0.455577 0.796210 1.558430 -1.548350 -0.407957 -0.620280 0.952717 0.007010 0.580994 -0.509537 -0.287227 0.712087 1.436138 -0.655804 0.164639 -1.634348 -2.935062 -0.374086 0.610852 -1.082170 -1.003992 1.043769 1.619089 0.183939 
展 1.804772 -1.826230 -1.526662 -0.061520 0.301907 1.749678 2.411324 1.679207 -2.737736 1.329888 0.275723 -2.067021 -1.078640 -0.395841 -0.496116 0.647127 0.500360 -0.840972 0.589717 0.780095 -2.709448 -0.427370 -0.018267 -0.340193 -2.529077 0.921333 2.225214 -0.033199 -0.407545 1.410971 -0.514310 -0.578585 -0.843766 -0.741973 -0.216059 -0.645618 -0.011703 0.025851 -0.487030 0.782456 0.563396 0.502791 1.750825 0.070039 -1.489102 1.136661 -0.542260 -2.819170 -0.983869 2.516828 
经 -0.836751 -0.478037 -0.580076 -0.120363 0.685406 1.564595 0.393031 0.862625 0.533483 3.250045 0.275401 -1.189568 -1.702083 2.167523 1.829850 0.070830 0.125459 0.979393 -1.197630 1.073755 -0.575934 -0.151779 0.548504 -0.108813 -3.089546 -0.614394 -0.816556 -0.267544 0.257434 0.661338 -0.780807 1.236063 -0.584935 0.282392 -0.177703 -0.895017 2.457095 0.970150 -2.805490 -0.727424 0.276935 1.591123 1.509714 1.678008 -1.745506 2.692777 -0.280973 -1.340970 0.980038 2.198024 
面 -0.213787 1.034816 -1.163957 -1.889848 0.340609 0.436089 0.462345 1.094937 -1.823470 -0.780770 -0.753381 0.242190 -0.089498 1.008076 0.803654 -0.471394 0.762427 -0.420931 -0.389877 1.781146 -0.572550 -0.118164 -0.315829 1.108297 -0.921315 -0.423223 0.048824 -0.520424 -0.041027 2.020040 -0.455489 -0.872405 0.149666 -1.085059 -0.114594 1.257036 -0.137034 2.101293 0.695206 1.096185 0.967800 0.584094 0.896250 -0.824913 0.051650 -0.586514 -0.205318 0.102826 -0.968312 0.302590 
就 0.614426 -0.161942 -1.037912 -0.146358 -0.069759 0.597277 -0.087015 0.980954 1.003566 -0.019020 0.547454 0.439847 0.336306 1.816377 0.206799 -0.172671 -0.810833 -0.755146 -0.373414 -0.080157 -0.471703 -0.603741 0.364192 -0.889493 -0.826944 0.334380 -0.106723 0.310163 -0.876717 -0.369211 -0.603970 -1.125625 2.156493 -0.659249 -2.177615 0.331923 -0.291751 1.285598 -0.549438 0.198008 0.656229 -0.268078 0.360124 1.646839 0.090963 -0.372840 -0.549094 0.215472 0.432665 0.359077 
最 0.082667 0.571733 -1.216490 -1.347176 0.283516 -0.701929 0.618882 1.227564 -0.263410 -0.423030 0.431444 0.373955 0.418182 -0.705359 -0.163745 -0.554176 -0.363846 -0.015319 -0.027261 -0.281761 -0.796470 -0.828281 1.090414 0.957980 -0.531992 -1.116389 0.106725 1.597526 -0.213820 -0.997715 -0.487937 0.245090 0.844893 -0.254486 0.807637 0.077549 0.205347 -0.242348 -0.307110 0.384273 -0.661865 -0.584250 0.517219 0.804792 0.605704 -0.944977 -0.369014 0.039050 1.003074 0.058519 
小 0.232259 -0.454225 -1.029051 1.913078 -0.966242 -0.025067 0.754797 0.499215 2.215263 -0.630279 -0.570715 -0.095721 0.552250 1.300338 -0.529745 -0.385502 -0.019552 -0.381782 -0.458821 -0.221751 -1.552179 0.934498 0.353360 -0.229880 -0.998973 -0.745071 -0.165477 0.153153 -0.898868 0.318432 -0.470149 -1.359458 0.173357 0.744341 -0.076661 -0.202055 -1.310026 0.112331 0.953908 1.198706 1.385246 -1.054008 -1.387391 0.232056 -0.591000 -0.878669 0.253684 1.317157 1.301983 0.825816 
海 0.597737 -0.891546 -1.294373 1.492239 -0.042956 0.691129 0.815129 -0.146131 -0.256676 -0.021121 -1.325586 0.077932 0.437416 0.473640 1.139873 2.109008 1.510100 -1.148225 -0.061241 1.042098 0.466977 0.943031 -0.766431 0.976774 -2.683202 0.092288 0.489731 -0.171832 2.251606 -0.789163 -0.862777 0.750987 -2.780658 -0.061232 1.835415 1.023478 -0.249562 1.138018 0.478123 -0.172018 0.887148 -1.115097 0.398635 -3.101660 1.520907 -1.048899 0.893572 -0.510793 -1.787823 2.029093 
立 1.136677 -2.187574 0.312711 0.694711 0.986074 0.238272 -1.064092 -0.532576 -0.128895 -0.868847 -0.583125 -1.773229 0.058659 0.200625 1.219139 -0.242156 -0.794707 0.037436 1.051444 -0.939748 -0.671254 0.619502 -0.291752 0.463747 1.526232 1.068059 -0.414216 -1.055473 0.541011 0.954815 0.446789 -0.597406 1.033996 -1.484318 -0.172957 -0.879875 0.424260 -2.500296 -0.331119 0.529380 2.917876 0.617003 -0.407372 -0.271784 1.586654 0.672126 -0.093384 -1.249525 -0.295438 -0.376821 
已 -1.581871 -1.218774 -1.350537 -1.529639 0.303255 0.271286 1.821068 0.148985 0.888521 -0.325560 0.230939 -0.683322 0.429775 -0.246911 -0.174318 0.026252 0.462185 0.255869 -0.843041 0.609192 -1.174279 -0.536395 0.722520 -0.671575 -0.888355 -0.638118 0.649234 -0.390336 -0.495089 0.055954 -1.437932 0.072258 0.522391 0.200502 -0.873187 -0.047937 0.288700 0.344568 0.365280 0.073273 0.407820 0.032789 0.041157 -0.409558 1.453687 -0.131240 -0.469312 -0.502829 -0.195415 -0.694604 
得 1.013965 0.041406 -0.246056 -1.699548 1.342396 -1.857323 0.216292 -0.171216 1.035956 0.554430 0.271549 1.974080 1.159917 -0.678102 0.048450 0.382450 -1.881327 0.026623 -1.334647 2.331506 0.280341 0.196417 1.687473 1.110343 0.312296 0.839303 1.114659 1.874615 -0.244070 -1.521747 0.440249 -1.733762 2.124378 -1.086704 -0.490187 0.092586 0.415348 -0.335793 0.068629 0.890501 0.484769 -0.555348 0.695395 1.565388 0.364871 -0.889003 -0.298416 -0.964599 1.140232 1.366624 
利 2.825471 0.230877 0.700635 -1.122949 2.767238 -2.809502 -0.774402 0.755006 1.036755 0.110536 0.507127 0.353897 0.189824 -0.480008 -0.556907 -0.264097 -0.321720 1.223160 -0.119917 2.748192 1.084445 0.626208 1.824582 0.916531 -0.366855 1.532555 1.625788 1.708954 1.311959 -1.517041 -0.279453 -0.873748 -0.649535 0.032273 -0.683982 -1.144601 0.122366 -0.364681 -0.826131 -1.657331 -0.986676 -0.000709 1.239110 -0.441693 -0.248159 0.184438 0.491415 -0.406836 -1.422146 0.038948 
百 1.140211 1.487575 -1.089985 0.930555 1.447129 0.306244 1.487721 -0.447877 -0.431788 0.604767 0.865634 0.926580 -2.246976 1.447208 1.529246 -0.863743 -0.442815 3.338116 -3.193278 1.849302 -2.484981 -0.635709 4.269024 -0.582122 3.402879 -2.600465 -2.739972 2.417858 -1.136083 0.543664 -2.339225 1.067802 -1.056357 2.210826 0.531075 -1.320270 -1.926989 -0.617434 1.756425 0.172235 0.017530 -3.199808 -1.233440 0.951756 -0.213814 0.547358 -1.005231 1.016661 1.469892 -1.424761 
局 -0.069532 -0.697646 0.818048 -1.219710 -0.031076 0.632304 -1.648502 -1.052014 0.115757 -1.327718 -1.339983 -2.271243 0.011791 -0.599966 1.697545 0.329625 2.416953 0.907891 -0.771447 -0.277606 1.076054 1.014856 0.051074 -0.178861 -0.016643 1.661456 -0.180062 -1.051652 0.702444 0.224878 -0.246467 0.425637 -1.641716 -1.138111 0.042223 -1.967391 0.500056 -0.641552 0.838235 -0.660532 1.478361 0.503887 1.423623 -2.188648 0.087849 -2.226433 1.769774 -0.637702 2.105239 0.552472 
長 2.059989 -0.576701 0.628422 0.053046 0.698452 -1.767551 -0.740687 -2.251920 1.467157 -1.135203 -0.835569 1.499200 -1.185193 -1.471883 0.950154 0.385564 0.128400 -0.556095 0.613172 -1.383916 1.857606 1.282290 -0.940216 -0.166133 0.586467 -0.296387 -2.710675 -2.465764 -0.156315 2.158195 0.347254 2.109799 -1.135550 -1.047413 -0.271150 -1.140457 0.514181 -2.965358 1.762131 1.055070 2.430255 -1.754399 0.660862 0.186746 -0.192616 -1.091743 1.080014 -3.122275 2.518882 -1.579702 
我 0.158546 0.087547 -0.429472 -0.797765 0.310632 2.287659 0.925669 1.318971 0.704925 0.490866 1.829013 1.348014 0.899944 1.869323 -1.436419 0.253583 -0.151363 -0.553005 0.401961 -0.495897 0.038289 -1.585184 -0.436624 -2.371004 -0.818604 0.819286 -0.656173 0.918066 -0.681739 -0.355804 -0.180270 -1.460469 2.085711 -2.166874 -1.311483 1.047135 -0.045138 0.202132 -1.831988 0.444902 -0.547475 -0.388977 0.366967 3.263969 0.385535 -1.724948 -0.566768 -0.215492 0.286470 2.376762 
明 0.148778 -0.183981 -1.281705 -0.165069 0.046771 -0.079839 2.142009 -0.731442 -1.448148 -0.313667 0.472813 0.143711 0.757301 0.992408 -1.239482 1.407319 0.781876 1.135446 -1.161890 -0.880901 0.687426 -0.898695 -0.970538 -0.171005 -0.062156 -0.226960 0.888606 -0.131164 0.680457 -1.244057 1.073191 -0.713076 0.229977 -0.102536 -2.723290 0.108535 0.810641 -1.941719 0.681531 0.848171 0.820234 1.929452 0.144122 -1.518824 0.235407 -2.457694 1.025368 -0.024657 1.115012 -0.184117 
提 0.732156 -0.132107 -0.464539 -2.468591 -0.366612 -1.202578 -0.795981 -2.644034 -0.979239 -1.356332 -0.143381 -0.365181 -1.249586 1.413090 0.823303 0.710225 0.386104 0.335042 -0.238955 -0.620790 -0.694599 0.312883 -1.664323 -1.962834 0.979820 -0.167552 1.330279 1.260620 -0.827677 0.423393 1.010996 -2.059241 0.545867 -0.667382 0.419244 -1.111498 -1.827965 0.477560 -1.235904 -0.159510 0.641743 0.999965 0.274749 0.501060 0.773763 1.240685 -0.582212 -0.969785 0.545077 -0.835220 
进 -0.230090 -0.131533 0.346183 -0.290088 -0.191706 -0.150694 0.719859 0.444102 -0.342787 -0.069081 2.592450 -1.320770 -2.182303 1.079573 0.913400 -0.070146 -2.013905 -1.375506 -0.576784 0.627240 0.101698 0.473978 0.992566 -1.240739 -2.604590 1.698919 1.985289 0.208981 0.294946 0.252309 0.688594 -0.790790 -0.159650 1.616401 1.404155 -2.243272 2.683271 1.425381 -2.478700 1.384436 2.377600 2.085253 -0.366836 -1.316551 -1.017427 2.762966 -1.211249 -0.491396 -0.346811 0.086384 
院 0.708592 -2.357751 1.041693 0.307529 -0.150649 2.235808 -1.111352 -0.576136 1.967646 -1.451129 -1.237062 -3.255519 -0.216009 1.103324 1.017872 1.520444 -0.203223 -1.414422 0.374820 -1.574626 0.750254 1.858867 -2.548089 -0.432240 1.799961 1.113076 -2.032109 -1.474755 -1.011766 -0.077988 -0.878977 0.306654 2.226837 0.843219 0.792237 -2.520818 -0.078461 -3.194764 -0.672029 -0.771467 2.451494 0.333019 -1.005696 -1.423824 1.683711 0.750271 0.393765 -1.862269 0.719037 -0.804136 
而 -0.866875 0.110002 -1.056685 -1.333219 0.297251 -0.538500 -0.075357 1.144863 -0.656313 -0.396327 -0.805516 0.706073 0.340541 1.216691 0.528106 -0.413825 -0.659343 -0.234952 0.680831 1.992471 0.444368 -2.262538 0.826725 -0.486647 0.290695 -0.117731 1.287097 0.363579 -0.607271 0.498851 0.011070 0.346892 1.787859 0.090072 -0.993820 0.243849 0.463908 0.227331 -1.061383 -0.255066 -0.281838 -0.572123 0.925665 1.022027 -0.090423 -0.341781 -0.430731 0.761948 1.006941 1.102547 
央 1.871055 0.271405 1.305281 0.321209 1.007529 0.137466 -1.947026 -2.213984 -0.145771 -1.259561 -0.899085 -2.134808 -2.351949 -0.267903 0.678945 -0.289500 0.818227 1.911003 -0.229003 -0.799683 -1.809384 0.054995 -1.433739 1.649979 0.064552 -0.985907 -1.759869 -0.219343 1.399147 -2.170032 1.395977 -0.522453 -0.923261 -0.204628 -2.774566 -0.918789 0.591379 -3.645844 0.449881 -0.861458 1.965193 3.901496 0.433011 -0.601224 -2.240761 -0.866936 -0.754963 -1.019143 -1.505848 0.932013 
電 -0.575327 3.124760 1.266975 1.741033 -1.574851 -0.966453 -1.367365 -1.215165 -0.132713 -0.389985 -1.107759 0.935073 -0.047202 -1.848397 0.120179 -1.366304 -0.215972 -0.236756 0.577385 -1.751615 -3.508978 0.055258 -1.511217 2.297714 0.612955 1.315225 -0.564332 0.070658 -1.244530 1.463568 -0.481172 -0.066447 -1.739176 1.815237 -2.267941 1.389324 -2.096082 -3.797771 4.663253 -1.790122 -0.819720 0.091147 -0.181488 -1.179256 -2.110362 -0.647827 -1.380124 -0.305106 -3.029938 -0.254093 
其 -1.314725 0.741155 0.451361 -0.406090 1.453971 0.237082 -0.566978 -0.230777 -0.377003 0.798620 -0.264091 -0.016147 -1.441459 0.453785 0.581090 -0.730638 -0.654335 0.652857 -0.556174 1.520502 0.054424 -0.310753 -0.342883 -0.861329 0.295132 -0.597041 0.505212 0.335916 0.492923 0.882153 -0.085026 0.009649 1.194379 -0.648270 -0.176041 0.019419 -0.977283 0.008824 0.149339 -0.361315 -0.347163 -1.664158 0.607376 -0.429200 0.478466 0.872152 -0.899800 1.344422 -0.780142 0.388753 
. -0.858989 3.419785 -0.312742 0.009502 1.163961 -2.719310 -0.391423 0.610316 0.322834 -0.018763 0.210119 -0.383265 -0.551254 0.253980 -2.684092 -0.765669 0.887511 1.152844 0.227580 -1.517379 -0.386986 1.602004 -0.658865 2.091943 -0.069108 -3.271888 1.212893 0.260396 0.977041 -1.184363 -2.250779 -0.104846 -2.014347 2.169971 4.986923 2.042083 -1.193161 -0.460375 1.956630 -0.796338 -1.187528 -1.321213 -0.992257 3.181463 1.505700 1.373474 -0.882750 -2.708460 0.390733 -1.312043 
第 1.201768 -0.256420 -2.847107 0.144287 -0.236216 -0.464246 0.839969 1.722404 1.530817 0.270818 2.271527 -0.634414 -0.435824 -1.399807 0.879850 -0.564336 -0.889367 0.635067 1.340273 -0.950876 -1.239252 0.492224 2.568218 0.256469 2.004784 -1.344746 -0.360778 0.486014 0.041841 -1.812148 -1.360291 0.332381 0.616739 -0.939388 1.989497 0.023355 1.560885 -0.704839 1.331373 0.703975 1.165923 0.819982 -0.778280 -2.540309 -0.253972 -0.956820 -0.333317 0.393718 0.938294 0.386430 
期 0.304715 -1.406348 -2.540193 -2.074554 0.885862 -0.815169 0.027354 0.430476 -0.657484 1.032698 1.073230 -0.074685 -0.860060 1.349402 0.352890 1.203888 2.309956 1.197424 0.318620 0.276709 0.745512 -2.215797 0.343649 1.255993 0.399007 -0.755140 1.553310 -0.262288 -1.331497 0.295804 -1.854260 0.042312 0.569013 1.823155 -0.398909 0.678207 0.108313 0.502550 0.769610 -1.249972 -0.246671 -0.388501 -1.647485 -0.723602 0.238452 -0.180860 1.027190 -1.179984 2.186011 -1.344365 
將 1.299044 -0.335287 -1.666451 -1.027308 0.823655 -0.136393 0.607078 -1.110330 -0.330969 -1.491572 -0.771458 0.509662 0.191530 -2.701203 0.802868 1.203201 1.043346 -0.468437 1.195893 -0.426233 0.676115 -0.677298 0.941541 -0.034996 -0.318112 0.747833 -1.552637 0.119104 -2.080552 1.938270 -0.365676 -0.064646 -0.553038 -0.054200 -0.750893 1.185783 -1.763598 -1.356555 2.409472 0.707022 -0.222604 -1.062998 -0.146961 -1.242785 0.019399 0.720920 -0.816938 -1.194446 0.033185 -2.073775 
南 0.685666 0.440591 -1.339564 0.946535 0.008128 1.054043 -0.489051 0.480479 -0.169352 -0.443184 -2.336602 0.672909 0.310865 -0.297883 0.800034 1.928752 0.041601 -0.137386 1.185007 0.165122 0.277746 1.344732 1.145124 1.249300 -2.321409 -0.340020 -0.726300 -0.963190 1.510517 -0.440776 -1.081843 1.790884 -0.899012 0.650229 1.623717 -0.306024 1.478148 -0.838976 -0.446100 -0.032570 1.779345 -1.439827 -1.005635 -2.796527 0.252815 -1.700649 2.118493 -0.768421 -1.741034 3.123083 
所 -0.523498 -0.402159 0.597768 -0.190844 0.399504 0.534028 -0.266222 -0.229652 -0.456684 0.545655 -0.407217 -0.725643 -0.409278 0.325077 -0.155767 0.471568 0.743736 -0.576972 -0.494792 0.580611 0.427093 -0.120530 -0.627079 -0.385222 0.999156 1.149989 -0.625869 0.076511 0.673126 0.974500 -0.805442 -0.834279 1.760317 -0.462795 -0.476438 -0.425651 -0.303243 0.603346 -0.071088 -0.298516 0.461764 -1.236135 0.460325 -0.189283 0.723339 -0.202644 0.802625 0.103364 1.163295 -0.143921 
目 -0.420622 0.339291 -2.770922 -2.274119 1.197323 1.404595 1.006737 -1.282552 -1.922947 1.202202 1.443318 -0.076438 -1.587461 0.758299 2.451797 -0.583462 -0.407476 -0.631830 0.837240 0.124861 -1.451577 0.260808 -0.190519 -0.581732 1.524275 0.282610 1.098247 0.372968 0.265090 -1.899765 -1.730272 0.345306 0.828168 0.255265 0.048936 1.233173 0.695007 0.397458 0.839529 -0.127996 1.696637 1.171058 1.697734 -1.231036 0.927587 0.332387 -0.496103 0.201511 -0.371897 0.725011 
九 3.169212 1.345493 -2.395238 2.093899 0.741895 0.255521 0.442517 1.496268 0.982436 -0.512680 -0.426535 0.747424 0.402569 -0.276277 1.511281 1.869046 0.507964 2.699658 -1.647972 -0.217126 -1.609919 -1.397987 1.508033 -0.700763 3.629332 -0.910578 -3.079380 -0.585239 -1.615496 -1.162134 -1.880674 1.106879 -0.505585 0.725518 0.930654 -0.098750 -0.430563 -1.846138 1.056020 0.522437 0.497815 -0.688631 -0.369994 -0.715411 0.581676 -0.863964 -0.952472 0.556646 -0.150576 -1.736511 
保 -0.238782 -1.715298 -2.166806 -1.244525 1.480232 -2.595700 -2.337625 -0.518672 -2.480056 -0.268889 -0.758399 -1.641241 -1.678116 0.422250 -3.699200 -2.183496 2.901648 -0.147678 -0.268605 -0.422098 -2.113703 1.875812 -2.085116 0.328570 2.649954 2.078669 1.235253 4.691402 0.508084 -1.746590 -2.059072 0.685528 -0.085052 -1.672086 -1.503344 -3.007112 0.461119 1.903902 0.665565 0.593487 0.194054 2.643588 1.837645 0.734038 2.323829 0.518010 1.219613 0.030421 2.113364 0.233428 
次 1.063492 -1.108801 -0.978768 -1.931090 0.118693 0.354301 1.029604 1.431483 2.063950 0.989862 0.457891 0.317364 -0.251701 -0.129553 1.577900 -0.545284 -0.228899 -0.963207 -0.949544 -0.187415 -1.078280 -0.495691 1.328974 0.044424 1.523773 -1.522560 -0.486806 -0.592903 -0.700535 -0.855283 0.073223 -1.618765 0.090503 0.071304 0.491737 0.092662 0.857822 0.391728 1.388056 0.863325 0.594638 -0.325559 -1.165339 -0.109649 0.786265 0.113885 0.279814 -0.543526 0.573900 -0.034509 
府 1.580060 -1.287110 1.751500 -2.234990 1.903572 0.911652 -1.978582 -1.361660 -2.191202 -0.718002 -0.320228 -1.746258 -0.080448 -0.968411 0.005223 0.661551 2.371080 1.848796 0.559964 -0.366509 1.396495 -0.177850 -0.035288 -0.954711 -0.076738 1.173406 -1.422791 -1.978150 0.182452 0.319131 -0.571593 -0.501877 -0.195801 -2.021689 0.122623 -1.068001 0.682797 -0.606700 -1.304139 0.042356 2.403037 -0.345123 -0.858153 -0.413244 0.558362 0.651387 1.144922 -0.807551 -1.181149 -0.112751 
發 0.537291 0.225722 -0.683217 -0.056201 0.364537 -0.711014 2.497600 -1.398645 -0.550795 -0.636219 -1.443493 -0.579801 0.287449 -2.026728 -0.036781 0.364582 2.253647 -0.726354 0.311592 -0.668251 -0.187942 -1.424541 -0.824896 0.020951 -0.812474 1.826644 0.407578 -0.260248 -2.178127 0.022997 2.374784 1.323314 0.039857 0.891883 -0.806060 0.466618 -1.142316 -1.532074 2.111149 1.665085 -0.579672 -2.140072 2.445235 -0.644679 0.709366 -0.238671 0.358121 -1.112372 -0.317822 -2.119100 
化 0.435116 0.639668 -0.973092 1.644722 -0.756844 -0.086999 1.158785 0.990683 -3.169090 0.413412 -1.529272 -1.633640 -2.532565 -0.411341 1.598079 -1.292086 -0.198415 -0.238133 0.629630 0.416507 -0.892599 0.744798 0.992557 0.982676 -1.938996 -0.223299 1.866724 -0.430469 -0.966279 1.530638 1.611963 0.435877 0.349751 -1.246907 -0.906187 -1.236015 0.237113 0.056930 -0.849998 -0.089411 0.104614 1.265233 1.042801 0.848032 -0.386952 -0.115686 1.404815 -0.949790 -0.944883 0.904972 
但 -0.798811 -0.016380 -1.265240 -2.561331 1.196496 -0.049949 -0.012132 0.072048 -0.354998 0.134711 -0.536726 1.907812 0.959226 1.743090 0.015364 -0.035338 -0.528237 0.429138 -0.418315 1.244557 0.233261 -1.559178 1.039880 0.311991 0.169416 0.405111 0.135752 0.908034 -0.215344 0.960367 -0.313242 0.857206 0.967039 -1.027474 -2.285906 1.197689 -0.400203 -0.472455 -0.134108 0.566795 -0.281324 0.070887 0.774422 0.495421 1.603352 -0.512950 -0.029771 0.881032 2.005288 -0.084453 
通 0.191874 -0.514214 0.485936 -0.777873 -0.613840 -0.468843 -1.278723 -1.086199 -0.335078 0.777558 1.082900 -2.224816 0.819600 0.114794 2.891919 -0.190020 -1.078827 -0.533145 -0.634084 -0.585508 -2.342148 -0.391446 -0.281036 1.167606 -0.216164 1.826087 1.095604 -0.951051 -0.318264 2.997252 -1.687778 -1.011862 -1.475634 1.106038 -0.229874 -0.194633 0.600092 1.473757 -0.732309 -2.907108 -0.113845 -1.029112 -0.023554 0.055148 -0.263675 -2.292702 1.041867 -1.339923 0.815231 -0.026091 
由 1.392763 -0.751972 -0.635350 -0.488207 1.595415 -0.352037 -0.642255 -0.071928 -0.315735 0.103815 -0.626376 -1.041422 -0.189454 0.288024 1.181142 0.073371 0.198330 0.252348 0.650835 -0.069092 0.361694 0.625780 0.676687 0.083001 0.675686 -0.350546 -0.098159 0.016486 0.493250 0.357463 -1.240844 -0.018689 0.968484 -0.610476 -0.416696 -0.752924 -0.762690 -0.613341 -0.349730 -0.844675 1.023162 0.886486 0.134935 -0.823044 0.728561 -0.193601 0.265246 -0.828114 0.390993 -0.373344 
與 2.919318 0.432458 -0.728268 0.463531 1.857084 0.366790 0.539239 -1.265784 0.452717 -0.890673 -1.662260 0.763877 -1.304606 -1.692523 -0.987641 -0.099429 0.098426 -0.918780 1.852622 0.273480 0.143565 -0.403774 -0.159631 0.446148 -0.270841 1.629500 -0.683889 -0.749575 -0.939522 2.454995 0.333435 0.400965 -1.744050 -1.252010 -0.567070 1.302081 -1.061426 -2.622058 0.646847 0.438265 0.303793 -1.740257 1.148403 -0.035581 0.595181 0.736334 0.769353 -0.178291 0.226864 -0.943485 
因 -0.526219 -1.058838 -0.911767 -2.009588 0.237513 -0.234639 -0.125435 0.506781 0.208206 1.141703 -1.461964 0.715178 -0.790909 2.172509 -0.043767 -0.743989 0.768148 0.458658 0.077559 1.292462 -0.516636 -1.911077 0.492893 1.533601 0.759741 0.262455 0.343414 0.346353 -0.728000 0.866284 0.704780 1.615618 0.637085 -0.435789 -1.900467 0.735778 -0.876603 -0.552691 -1.276566 -0.470759 -1.031808 0.405867 0.878584 -0.009905 1.995480 -0.720305 -0.097366 0.924032 0.577231 -1.617053 
委 1.671369 -2.810616 0.115650 -1.139279 0.694861 0.444968 -1.818138 -1.648328 2.227215 0.103739 -1.740306 -2.845657 -0.170881 0.507071 3.014231 -1.161274 -0.176556 0.679967 -0.263905 -2.189199 0.886171 2.520538 -0.667030 -0.310392 2.541285 -1.711222 -2.108622 -1.763849 -0.026904 1.007020 1.094352 -2.409580 -0.638150 -1.796513 -0.590897 -2.798701 0.534012 -1.854095 -0.892227 -0.615971 2.484110 2.213378 -1.835333 -0.523236 0.938417 -0.519085 1.025038 -2.480628 1.531686 1.825815 
都 -0.057450 0.374036 -0.249852 0.479141 -0.071581 0.262246 0.029857 0.028605 0.924329 -0.083987 0.288736 1.164156 0.238894 0.855508 -0.046303 -0.047651 0.020410 -0.931024 -0.370058 0.551328 -0.580061 -0.196825 1.091383 0.040692 0.454358 -0.398155 -0.302230 0.130351 -0.162330 0.539747 -0.219279 -1.206969 0.972744 -0.596595 -0.358807 0.904105 -0.268592 1.087997 0.323041 -0.115820 1.364745 -0.686326 -0.200070 1.238964 0.795014 -0.145676 0.244824 0.986759 0.686285 0.298855 
對 1.106735 1.587958 -1.194719 -1.458016 1.372370 0.651923 -0.622117 -2.235894 -0.512488 -1.085510 -2.426519 0.199975 -0.278645 -0.413912 0.135762 -0.146645 1.373599 -0.627660 2.331141 0.006552 0.887247 -1.181433 0.237872 -0.487107 0.067156 1.079610 -0.471353 -0.812221 -1.498577 1.603925 2.382270 0.280125 -0.780544 -1.156753 -0.636699 1.602372 -1.525217 -2.735622 0.075821 1.077871 -0.427102 -1.151735 2.148048 0.477770 1.448888 0.003760 0.162952 0.929559 -0.436196 -0.795599 
文 1.259706 0.558222 -0.577950 3.289767 -2.290500 0.023013 0.885233 -0.241727 -2.778577 0.622630 -1.238634 -1.224343 -2.176161 -0.944310 1.295117 1.942402 -0.171351 -0.693709 -0.331014 -0.714419 -0.759221 0.713085 -2.671888 -0.549799 -0.641025 -1.655658 0.946355 -1.930964 -1.103674 -0.594425 1.460512 -0.757079 1.602467 -1.304631 0.006823 -0.846127 1.269874 -1.191062 -1.046502 -0.667820 0.141045 0.650859 0.482349 -0.079544 0.197143 -1.063779 1.056743 0.021249 1.208580 0.236435 
交 1.640742 0.614446 0.673286 0.287547 0.635786 -1.247007 -0.893076 -0.972416 -0.335124 0.165512 1.107226 -2.531250 -0.325529 -0.179279 0.202015 -0.451709 0.671097 -1.594646 -0.999888 2.597726 0.010291 -1.206992 -1.038545 -1.305768 -1.315567 0.069015 2.784454 -0.850740 -0.247687 2.467387 -1.304766 0.078386 -0.927592 0.735212 0.455886 -0.313395 0.249182 -0.325963 0.288620 -0.768374 0.451725 0.076476 -1.541161 -1.749056 0.733032 -0.617266 1.962611 -1.490641 1.471948 -1.027712 
指 0.074491 0.805299 -1.439078 -0.817582 0.680309 0.916845 -1.155390 -1.962708 -0.685216 0.142368 -0.463935 0.313221 -0.058273 0.340685 0.670485 0.285750 1.857469 0.983056 -1.255359 -0.396781 -0.828518 -0.240616 -0.658515 -1.087741 0.931238 1.196809 0.766619 -0.390028 0.218430 -2.039376 1.944145 -0.517577 0.327663 1.399960 0.562362 -1.129172 -0.355110 -1.833963 0.062415 -0.659813 1.085051 0.308361 2.420468 -0.588076 0.022910 -1.229281 0.661884 0.350053 1.825834 -0.554468 
于 -2.437138 -0.255138 0.347743 -0.315785 0.645704 -0.551995 -0.286949 1.574576 0.133677 0.673202 1.951286 -0.068468 -0.054138 1.527403 -1.001610 -0.099108 0.097838 -0.323163 -0.499163 1.121691 0.485639 -1.253890 -0.455367 0.259742 -0.850850 -0.843853 -0.256223 0.971457 1.559279 -0.652057 -0.500224 0.110960 0.068341 1.166045 1.270931 -0.248418 3.440805 0.941359 -1.622792 -0.378720 0.266444 0.696085 -0.773157 -0.515169 0.758371 0.875879 0.116152 0.418261 -0.064489 -0.218241 
开 -2.696554 -1.829468 1.888762 1.149504 -0.148248 -0.427731 0.830154 0.687681 0.052010 0.242744 1.757830 -0.991606 -0.099878 -0.007735 1.405777 0.030572 0.966859 -2.566463 1.178047 -0.324089 0.078021 -1.378703 3.155043 -2.602244 -2.272916 1.765712 0.263582 -1.664073 -0.100344 -1.234769 -3.044175 -1.412061 1.744736 1.861528 1.196082 -0.155567 2.369918 0.437760 -1.816114 0.917200 1.308816 2.077747 -1.564800 -2.384660 -1.150180 1.639346 -0.110346 -1.145105 -0.526559 1.648835 
后 -1.462565 -0.970662 0.494275 -0.357782 -1.038506 0.055429 -0.078837 1.869893 2.439957 -0.088212 1.412654 0.300509 0.506975 1.929977 -0.243594 1.444371 -0.299353 -0.647541 -0.523913 1.102746 0.113893 -0.644166 0.199546 -2.211352 -1.138937 0.366173 -0.637935 -0.502419 0.989933 -1.359958 -0.313563 0.120172 0.974293 1.616991 0.485525 -0.575173 2.251722 1.314934 -0.769304 0.690127 0.460318 1.074737 -1.013053 -0.071605 -0.271191 1.795887 -1.411809 -0.009388 1.170373 -0.961041 
学 -1.126034 -0.861286 0.979006 2.038201 -1.204720 0.371963 0.878821 1.053807 1.498378 2.492763 0.728593 0.260200 -2.347728 1.353689 -1.397131 1.852248 -0.815891 -3.164425 -1.328046 1.333819 -0.169681 1.822831 -2.123824 -1.397769 -1.746216 0.505332 -3.661038 1.105201 -0.728579 0.367226 0.002274 -1.805815 4.029751 0.748027 1.736940 -3.747545 1.450806 0.150110 -1.441193 -1.700636 -1.133988 -0.770533 -1.103013 -0.158233 -0.746836 0.499501 0.830623 -0.161007 0.451012 2.460222 
长 -1.047805 -0.746366 0.559413 0.669164 -0.088617 -1.554549 -0.652283 -0.076824 1.260275 0.765109 0.881813 0.636822 -1.868426 1.231598 0.678346 -0.476337 -0.628664 -0.072076 -1.802300 -0.324764 1.086492 0.926519 -1.811422 -2.106126 -2.064957 -1.124881 -1.216411 -1.202242 2.115220 0.056802 -2.380707 0.445250 -1.129740 0.655200 1.495527 -2.116402 3.403657 -0.632370 -2.154550 0.863708 -0.084010 -0.357538 -1.018763 0.216651 -1.212217 0.682027 0.311430 -1.675286 1.322481 1.091590 
心 0.364371 -0.831339 1.030887 0.636310 -0.469094 -0.213568 -0.779167 0.823627 0.035464 -0.737529 0.585295 -0.419771 -1.135681 0.369382 -0.105329 -0.497012 1.136797 0.001126 0.546226 0.213315 -0.216348 0.285650 -0.514007 -0.660443 -0.470900 1.292275 -1.297691 -0.149033 -0.039287 0.742230 0.980588 -0.099419 1.570358 -0.223952 -1.615816 -0.295412 -1.235174 -0.254222 -0.496767 -0.212479 -0.265160 -0.369212 1.624561 1.608950 0.044922 -0.381670 1.253094 -0.552162 0.208754 2.276706 
員 1.430634 -1.863597 0.544028 -0.815754 1.331086 -0.244078 0.120604 -3.557485 2.708921 -1.283104 -1.567485 -1.721876 -1.324273 -1.862832 1.040262 -0.727123 0.261620 -0.371609 1.659432 -2.570825 2.439855 1.578610 -0.203706 -0.389291 2.602693 0.831944 -2.656437 -1.873196 -0.312708 2.922713 1.875055 -0.561791 -0.449332 -0.861065 -0.925720 -0.822005 -1.109426 -2.529027 1.511149 0.404328 0.786880 -1.328752 -1.181738 -1.482304 0.584279 0.063335 0.378033 -0.976760 1.015488 -0.323693 
将 -0.986555 -0.691693 0.428668 -1.081107 -0.330155 -0.833828 -0.042563 1.446422 0.748232 0.743769 1.661916 0.406202 0.110247 0.022896 0.790895 -0.058321 0.013048 -0.266449 -0.919651 1.091609 -0.376462 -1.622680 0.184060 -1.810910 -1.158024 0.430276 1.039108 0.185347 0.961484 -1.003367 -1.375575 -0.729681 -0.483929 1.137779 0.631231 -0.559089 2.297398 1.038546 -1.553299 0.710419 -0.330315 1.295006 -2.041235 -1.925060 -0.589047 2.359477 -0.524630 -0.660147 -0.260705 -0.335692 
此 0.741830 -0.165402 0.012516 -1.869290 0.844102 1.042534 0.257376 0.213987 0.380388 0.196891 0.843971 0.014266 -0.943787 0.894377 0.964194 0.283376 0.323972 -0.304114 0.127949 1.442979 0.392885 -2.191042 -0.319495 -0.047910 0.557205 0.085341 0.887926 1.083906 0.282279 0.641979 1.251101 -0.181021 0.453380 -0.198635 -1.766753 1.026850 0.414230 -0.184788 -1.445010 0.146432 -0.006283 -0.686142 0.216449 -0.564070 0.120276 -0.172754 0.297352 -0.027224 -0.167753 -0.210731 
比 -0.513700 1.269245 -2.038885 -1.387011 1.109102 -0.471865 0.076224 2.309563 2.533154 0.452265 1.109429 2.679462 -1.129352 -0.453945 -0.752856 -1.651120 -1.235739 2.319173 -0.221721 0.864828 -0.083733 -1.174566 2.000398 1.162019 0.043846 -1.350272 1.450833 1.412118 -1.091747 -0.500794 -1.521874 0.653730 -0.517729 0.576248 2.241444 0.377928 -0.466463 0.007210 0.225411 -0.706867 -1.091200 0.184859 0.247474 0.517263 0.418284 0.287288 -0.789998 0.159353 2.148054 1.295199 
六 1.547784 0.714741 -1.717883 1.214477 0.759767 0.579360 0.322937 1.279634 0.817283 0.024841 1.062846 -0.638267 -1.540544 0.104610 1.240469 1.103714 -0.561826 2.649474 -0.422893 -0.173302 -1.992282 -0.018678 1.662624 0.483846 2.945539 -0.843531 -3.480599 0.855030 -0.671587 -1.015659 -1.500202 0.443451 -1.117893 1.105183 0.290138 -0.149779 -0.589003 -1.365008 2.582310 0.588259 0.035219 -1.017563 -1.314605 -1.778944 -1.268777 -0.777551 -0.976166 0.084342 0.725524 -1.748054 
共 1.791360 0.718627 -2.184431 0.392217 0.291600 0.038432 -0.639905 -0.131653 -0.455304 0.299660 -0.346956 -2.398011 -0.229623 -0.725270 -0.324301 -0.588463 -1.032876 0.469682 -0.121358 0.566092 -1.120724 1.060316 0.276417 -0.832197 1.705749 0.238078 -0.502743 -0.032606 0.684993 0.823149 -0.004866 -1.129909 -0.573779 -0.580753 0.241962 0.245688 0.251939 -1.142842 0.037526 0.524372 -0.073307 -0.485268 -0.828520 -0.291790 1.717227 1.082628 -0.127100 -0.729709 -0.231336 -0.225466 
子 -0.018979 1.972678 -0.035905 1.845570 -1.442849 0.977608 -0.003120 0.499855 2.058699 0.307082 -0.885189 0.632228 1.413388 2.254304 -0.790049 -0.731865 -2.473569 0.091965 0.754714 0.699676 -1.528742 0.790080 -0.559922 0.276411 0.525227 0.586855 1.303230 0.842323 0.556772 -1.333600 -1.806509 -0.207322 1.974568 0.801118 -0.820877 0.302741 -0.953084 0.180217 1.172151 0.843137 0.586094 -0.874255 0.063354 0.160326 -0.278227 -1.222098 -0.212404 3.296892 0.429448 -1.213266 
位 0.893883 0.155708 -1.289684 -1.546274 1.029729 0.652979 0.098532 0.482253 1.037003 -0.418482 -1.117464 -0.300236 -0.221547 0.125968 -0.080333 -1.096781 0.322619 -0.606796 0.220026 0.365305 -0.388492 1.578589 -0.066191 -0.016686 1.905549 -1.350278 -0.928296 1.632547 1.417081 1.287741 -1.234341 -1.549570 1.252197 -1.207242 2.018996 -1.726664 -0.284699 1.678119 1.537618 -1.155209 1.525602 -0.992435 -0.962120 0.571001 -0.165812 -0.596924 0.721964 2.232373 1.326989 -0.112865 
入 -1.144098 1.034733 -0.978069 -1.139895 1.653532 -0.488563 0.693903 0.547432 -0.373691 -1.594058 -1.179817 -0.907951 -1.206076 -1.738929 0.856599 -0.804749 0.353106 -0.538276 -0.890008 2.138230 1.010738 0.726115 1.233143 -0.918699 -0.630174 0.307944 1.341677 1.768595 -0.413121 0.451415 -2.183550 -0.738248 -0.185843 0.256575 0.560128 -0.527214 -0.499001 1.326673 0.531557 -0.686877 0.622728 0.473316 -0.504850 -0.504182 -0.837364 1.480551 -1.473218 -0.735062 0.083432 1.013365 
安 -0.823156 -2.595334 -0.487482 -0.485997 1.203552 0.801483 -1.748836 -0.415103 0.208770 -0.866292 0.533526 0.005243 -0.182494 -0.779071 -0.230560 -1.703825 0.361450 0.597720 1.344449 -0.292314 -1.215899 2.019981 0.188539 -0.366112 0.826841 2.555830 -0.188137 0.269601 1.759471 0.463204 -1.352505 -0.965955 -2.838254 -0.259531 0.057577 -1.299510 0.908541 0.739424 0.560786 -0.479976 0.107285 -0.267858 0.346614 -0.639186 1.561807 -1.010012 1.304770 0.541605 0.105413 0.650146 
八 2.021137 0.997917 -2.043188 1.316927 0.466772 0.329465 0.297135 1.013732 -0.152072 -0.723817 0.522138 -0.282537 -0.689220 -0.230873 2.058264 0.585621 -0.383171 2.763304 -1.012906 -0.101087 -1.628229 -0.227907 2.183869 -0.141711 2.560186 -0.570465 -2.778257 -0.092593 -0.847218 -0.831344 -1.804771 0.634168 -0.500758 1.543151 0.259735 -0.058323 -0.687921 -1.119675 2.301014 0.429220 0.384537 -1.438540 -0.827441 -1.591111 -0.707267 -0.781054 -1.532286 -0.073709 0.445180 -0.932194 
制 -0.108280 -1.009508 -1.571759 -1.285470 0.802939 -0.166349 -2.477985 0.656402 -2.826942 0.701191 -0.551202 -2.344840 -0.775529 0.821773 0.821238 -2.472932 0.347529 -0.654415 0.647107 0.801468 0.401835 -1.002234 -0.566390 0.162179 0.424771 2.035575 3.076787 0.390999 -0.369950 0.373506 -0.431111 -0.314018 -0.621913 -0.750577 -0.082192 -3.939328 1.290218 0.082294 1.074620 0.318315 -0.752876 1.426327 0.726778 -0.127150 -0.390214 0.953394 -1.775753 1.756997 -1.104158 -1.463832 
现 -2.479844 -0.125031 1.229988 0.037244 -0.832563 0.069227 0.943254 1.384482 -0.275705 0.447661 0.978723 0.540314 -1.747016 1.617751 0.670245 -0.214822 0.733137 -0.142185 -1.801896 0.678453 0.017866 -1.808133 1.729058 -1.716121 -1.782839 -0.109081 0.802353 -0.172724 0.179066 -0.717888 -0.097620 0.404754 0.106942 0.547795 1.036232 -0.665260 1.890695 1.480698 -1.854437 -0.778880 0.849279 1.930932 1.352937 1.528783 -1.020049 0.486878 -0.012795 0.325062 0.265819 0.818655 
平 0.401622 0.625414 -1.126603 -0.460255 -0.023254 -0.842924 -0.423849 -0.129672 -1.509358 -0.695064 0.941239 2.007112 -0.936771 2.049252 -0.642828 -0.268148 -0.513583 -1.104521 1.415574 1.244217 -1.283296 0.861280 -0.481246 0.953220 -1.220351 -1.217653 0.313818 1.729064 1.249823 1.745792 -1.876329 1.042880 -1.333859 -0.253528 2.192071 0.817820 0.407438 -0.903593 -0.735580 0.000938 1.069515 0.471685 -0.320293 0.434891 0.461830 -0.085880 0.346428 -1.553241 -0.596467 -0.124400 
动 0.174870 -1.026625 0.064387 0.291962 -2.505918 -2.243543 -0.116894 3.372284 -1.172737 0.753812 1.905615 -1.947811 -1.937051 0.702301 -0.678378 -0.108613 -0.708703 -1.025171 -0.210021 0.326147 -0.511070 -0.156548 0.237256 -2.975697 -0.961184 1.575371 2.032640 -0.960978 -0.041610 0.278855 -0.199433 -0.215496 -0.371835 0.825113 -0.279015 -1.150307 1.797956 0.654741 -2.059011 2.267726 -0.260742 -0.325118 -1.406044 0.066793 0.091172 3.474325 -2.048847 -0.464259 -0.044526 1.922250 
任 1.446788 -2.193381 0.846845 -0.497704 0.343069 0.186318 -4.329270 0.320227 1.809305 1.152965 -2.870672 -0.016571 -0.222257 1.378012 2.229674 -1.451495 1.357576 -0.006538 2.112054 0.128244 0.669267 -0.027507 -0.226836 -2.711134 1.864578 0.413321 -3.773188 -0.862801 1.105664 -0.822640 0.724557 -0.432047 2.151608 -2.873519 0.848368 -1.573270 0.144500 -2.255784 -0.948592 0.056238 1.024135 1.859234 1.985582 0.557889 -1.481883 -2.110671 2.444121 -1.173233 2.462396 -0.694814 
基 0.341132 -0.266151 -0.157871 0.642621 1.120765 1.673600 -1.227747 0.159485 -0.341937 0.326793 -0.272332 0.683702 -1.564019 -1.031285 0.199900 -1.021139 2.520303 0.762891 0.143181 1.201976 -1.627066 0.264197 0.274180 1.463014 -0.068921 2.120436 -0.033225 0.655424 0.900850 0.953731 -1.810724 -1.620469 0.136964 -1.233624 3.078784 0.934358 0.437981 0.256132 -0.533516 -1.575706 0.754327 0.233294 1.178729 1.008065 -0.955980 1.159513 1.361213 -1.794598 -0.514108 -1.158846 
業 1.507382 -0.210948 -1.517408 0.436586 2.986267 -2.173621 1.326990 -2.398019 -1.348057 2.124438 -2.979704 -0.384658 0.120226 -1.738552 0.905069 -0.368300 2.717775 -1.442050 0.762001 -1.399940 -0.414311 1.711208 1.291201 0.480232 -0.736808 0.161681 -0.494565 0.592490 -1.322026 2.864496 -0.593871 1.117408 -0.413102 -1.327842 -2.053174 -0.669660 -2.282123 0.135813 1.347260 -2.778885 -1.160311 -1.455349 2.489701 -0.128333 -2.682323 1.096855 -1.999183 -0.109508 0.056000 -1.558219 
说 -1.725017 0.518062 1.939915 -0.155784 -1.556307 1.622870 -0.730138 0.325999 2.028884 1.386151 2.121304 2.129200 1.684948 1.504967 -1.172730 0.961102 -0.157391 0.057519 -1.859243 -0.654738 -0.111845 -1.557450 -2.103358 -3.311550 -0.938197 -0.372971 -0.241693 -0.548586 1.316577 -1.312429 -0.025744 -1.185787 0.699040 -0.443509 -0.377962 0.637841 3.354935 -1.111624 -2.268587 0.144621 -1.301960 0.681363 -0.194652 0.359674 -0.197596 -1.143300 0.666662 0.382542 -0.200384 1.641552 
正 1.376437 -1.328471 -0.832683 -0.377104 0.404983 0.253037 -0.186165 0.630190 -1.009097 -0.023813 -0.534981 -0.754752 0.397043 -0.152912 0.444843 -0.061295 -0.534894 -0.704384 -0.489974 0.011953 -0.164680 -1.040976 -1.545142 0.565297 -0.500302 0.697945 -0.561665 0.376626 -1.163490 1.472904 1.030052 -1.446498 0.417435 0.538335 -1.862261 -0.306231 1.364307 0.023941 -0.344821 0.532514 1.832532 1.178845 0.015051 -0.096852 0.075693 -1.140174 0.600626 -0.568417 0.679175 0.058441 
- 1.075089 1.619286 0.384095 3.554596 0.146352 -1.659870 -2.090634 3.137082 2.446771 0.977590 -1.709411 0.104459 -0.876222 -1.856982 -1.415829 -0.115799 1.537177 2.760004 0.350434 -4.986400 0.224469 1.281485 -1.840699 1.777856 -0.265277 1.187250 0.945258 -1.220797 -1.288548 -2.364998 0.976391 -1.349009 -1.133095 0.664680 3.476365 0.355296 0.042397 0.642505 0.802478 1.800798 -1.363215 -0.381034 0.626948 0.311231 1.234695 0.732862 1.428928 -1.932975 -2.640110 -0.465725 
意 1.439414 -0.608189 -1.261461 -1.079394 0.045778 1.578346 -0.741444 0.001488 -1.978057 -2.516925 -1.173164 0.209447 -0.428434 1.145660 0.489791 0.855947 -0.330640 0.048014 -1.335284 1.421488 0.354498 -0.771054 -1.042087 -0.224183 0.605035 0.353873 2.432997 1.601621 0.700930 2.001876 0.675860 -2.896222 -0.401601 -2.203535 -1.859091 1.748229 0.274660 0.242450 -1.579426 -0.163144 -0.500035 -1.266685 -1.514609 3.943999 1.212614 -0.573997 1.296965 -0.443604 0.375573 0.926745 
經 1.010270 -0.791595 -1.495742 0.145040 2.294294 0.170826 0.749374 -2.032615 1.251711 1.242569 -2.176594 -0.862571 0.467059 -1.743061 1.636153 -0.926309 1.637946 0.136478 0.288901 0.185097 0.344476 -0.943529 0.134582 1.176869 -1.780690 0.846105 -3.093894 -0.947789 -1.603979 1.800291 0.769504 1.774582 -1.357360 -0.543192 -1.235677 -1.015529 -1.212630 -1.631800 1.463695 -1.149255 0.769127 -0.419207 4.010052 2.630007 0.070557 1.055971 0.799209 -3.262096 1.951564 -0.669319 
斯 2.310531 0.832760 0.912711 -2.589435 -0.563673 2.504697 -0.115889 2.649880 2.043854 2.047119 -0.488026 1.273009 0.069813 -2.586522 -2.077831 -2.072665 -0.690929 2.572072 -0.911827 -0.735920 -1.883103 -1.393995 -1.560954 -1.706560 -1.611298 1.985292 -1.563230 0.429243 1.520535 -1.417772 -0.941377 0.021464 -1.081385 0.452576 1.850679 0.258602 0.502790 -1.981140 -0.366696 0.538365 -0.985924 0.216524 1.096746 -1.597638 1.642753 -0.024041 2.050179 -0.974948 -1.614853 -1.224484 
於 1.081736 -0.160039 -2.045871 -0.004512 1.555264 -0.927226 0.883382 -1.206477 0.633486 -2.003794 -1.286143 0.141135 -0.475509 -1.325902 0.615409 0.945174 0.950827 -0.673205 1.499653 0.459102 1.604061 -1.023806 0.547065 1.095516 0.782400 -0.068485 -2.705777 0.111343 -0.893198 1.755750 -0.218737 1.562524 -0.377145 0.281002 -1.000937 0.057699 -0.814245 -1.181366 1.641001 0.275914 -0.133270 -1.666790 0.419652 -1.452478 0.386436 -1.038554 0.250615 -0.984222 0.464502 -3.030517 
司 -0.283440 -1.106938 1.508494 0.288875 3.195931 -1.669677 -2.174215 -0.874941 -1.865692 2.562242 -1.713549 -1.525850 3.518152 -1.752534 1.034207 -2.432467 1.633965 -0.874411 -1.662228 -1.532450 0.357216 -0.704741 -0.420534 0.334936 0.838017 0.279475 -0.005348 0.513978 2.744007 1.596223 -1.902674 -0.091257 1.796975 0.023404 -0.767885 -0.941689 1.500884 -0.887233 0.580028 -3.043391 -1.300443 -2.051256 -0.391303 -2.228915 -0.514498 -0.213616 0.338570 -0.915814 1.178852 -1.161224 
电 -1.922043 4.004696 1.505335 1.706440 -2.576430 -1.738653 -1.660466 0.691017 0.578062 0.657376 0.386147 0.709955 2.075432 -0.419798 2.076842 -2.100197 -0.057106 -1.455006 -0.496134 -1.746485 -2.726962 0.468510 -2.190344 -0.324160 -2.728990 -0.262384 0.731377 -0.722617 1.508370 -0.705754 -1.254965 -1.441321 -2.388317 3.709719 -0.448294 -2.039200 2.578235 -0.135573 -1.155341 -1.546942 -2.301536 1.271777 -2.836900 -1.621969 -1.642123 -0.513710 -0.535803 -0.223069 -3.041451 1.262961 
水 -1.955259 0.537357 -1.106627 -1.028672 -2.556789 -1.078912 -0.260576 -0.517471 -2.292243 -0.793042 0.964285 0.205373 1.717617 2.415772 1.949907 -0.038357 0.309146 0.108774 0.496573 1.318744 -0.365299 3.241336 1.956603 1.905870 -1.108745 -1.813073 0.506677 1.062781 0.141175 2.279169 -0.709388 2.433720 -1.561130 -1.412475 0.442906 0.701062 0.659470 1.205483 -0.654801 0.003516 1.130294 -0.496002 1.104552 0.471982 1.985746 -0.184944 2.729668 -1.600158 0.430574 -0.964094 
员 -0.242446 -1.408912 1.337706 -0.828618 -0.988049 -1.025376 -0.551369 0.292213 2.683429 0.784930 1.130868 -2.543066 -1.940591 0.956568 1.289960 -1.021847 -0.736389 -0.661594 -0.314750 -0.715728 0.787295 1.082852 -1.343461 -2.954486 0.825308 0.245885 -0.886961 -0.689669 3.241284 -0.047569 0.378523 -0.727412 0.334962 0.569459 0.600708 -2.028738 1.808971 0.555267 -1.993731 -0.830968 0.296305 -0.245582 -2.401981 -0.962693 0.629566 1.022102 -0.216798 0.300318 0.824174 1.738018 
各 1.393063 0.113697 -0.595199 -0.961711 0.348611 1.906142 0.196956 -0.066211 -1.837263 0.428631 1.320463 -1.742991 -1.679241 -0.420750 0.855153 0.630762 0.945836 -0.569731 0.937647 0.435355 -0.829050 1.633464 2.301260 -0.069648 0.758983 -0.134596 0.342349 0.445717 -0.197377 0.357344 -0.279669 -2.728973 0.080324 -1.960922 0.319212 -1.052552 -1.046824 1.001145 -0.693945 -0.459614 1.687299 -1.376880 0.305023 -0.879590 1.185452 0.382201 0.191302 0.856125 0.438411 2.210448 
关 0.652006 -0.576038 0.485798 -0.796326 -0.290704 2.803180 -1.350540 0.893602 0.497324 1.301155 1.709973 -1.824722 -0.136405 2.159856 0.306865 1.083751 1.083474 -2.090347 -1.202773 2.588745 0.925281 -0.597660 -1.881899 -0.739004 -1.453643 1.649696 2.153901 -0.526834 1.898994 0.911556 -0.239841 -2.786116 -2.421768 0.321918 2.201892 -2.634111 3.615986 1.706083 -1.565957 -1.143800 -0.483519 -0.200514 0.739449 1.000493 0.654208 2.156736 0.385731 1.649583 0.108312 -0.225287 
产 -2.080087 0.231168 -0.581614 0.682535 1.330245 -0.858934 1.197866 -0.214633 -2.897132 2.601801 -0.532537 -0.686759 -0.672039 2.433367 0.231571 -2.142669 0.162092 -0.555404 -0.330820 -0.273535 0.996907 1.345734 0.692649 -0.143029 -0.520700 -2.366947 2.743105 1.120856 0.075877 -1.042675 -1.307166 0.773374 0.430019 1.209769 2.007776 -2.643253 2.243331 2.130099 -1.690259 0.211230 -0.552269 1.086163 1.676256 0.466549 0.283165 3.173054 -1.263903 -0.481983 0.444254 0.668527 
