-null- 0.008005 0.008839 -0.007661 -0.006556 0.002733 0.006042 0.001882 0.000423 -0.007207 0.004437 -0.008713 0.002499 -0.001503 -0.001914 -0.006631 -0.003764 0.005159 0.006051 0.005938 0.003195 0.003090 -0.007605 -0.008192 0.009939 0.007603 0.006180 -0.001208 0.008031 -0.000990 0.001469 -0.000298 -0.005966 0.002625 -0.002675 -0.007651 0.009508 0.008759 -0.002190 -0.000452 0.001018 -0.007275 -0.008014 0.009109 0.000126 -0.005165 -0.006084 -0.006153 0.003394 0.000403 0.002662 
00 -2.281442 -1.285739 0.487686 -1.245282 0.005751 -2.770121 2.052796 -0.313512 0.677080 1.424784 -0.512312 1.032059 2.333634 -1.796057 -0.335706 -0.192338 -0.935719 -1.709044 0.740313 -1.268906 0.626825 1.037291 -0.541851 1.775545 0.177381 -0.417864 1.113460 0.400433 1.413922 1.420358 0.403148 -1.832895 0.610402 0.588295 1.483340 -3.520346 1.738691 -0.741849 0.502954 -1.764954 0.248020 -0.135312 0.997495 -1.143510 1.517533 1.519226 0.947989 1.324189 1.434909 -1.339375 
20 -1.088204 -1.668644 -0.876958 2.255318 -0.466883 -0.599075 0.702939 -0.200417 0.784677 1.862349 0.190414 0.629884 1.358097 -1.126404 -0.780086 0.211580 -0.042177 -1.158423 1.063026 -2.482774 1.186840 -0.279944 0.883257 1.650754 0.018412 1.858490 1.655213 -0.321891 1.130418 0.955691 -1.634005 -0.800111 -0.372649 0.148325 0.298967 -3.911716 2.141201 -0.633756 0.939265 -3.767764 -0.503196 -1.925165 0.508932 -1.270253 0.483574 2.841982 -1.872812 -0.478361 1.028076 -0.389314 
表示 -0.360712 0.215021 1.370528 -0.780717 -0.493813 -1.202934 0.290863 -0.166948 0.369347 1.224838 -1.052200 -0.360538 0.360020 0.605031 -0.274802 2.185992 1.613669 -0.525400 0.519606 2.247797 -0.052005 -0.235618 -0.387423 -1.817408 0.850620 -0.659227 -1.922405 -1.678574 -2.219223 2.597060 0.538882 1.752140 -0.235765 0.086423 -0.763653 -1.480372 -0.936125 0.123469 -0.516598 1.715713 2.659339 -1.396905 -0.382335 -0.696622 2.017080 1.051856 -1.642513 -2.608828 2.171972 2.343685 
10 -0.007065 -0.202221 1.260302 0.586647 0.396298 -1.299912 -0.320876 0.820024 0.960932 0.530762 0.341864 -0.806878 1.607938 -2.335150 -0.008772 0.162237 -1.070493 -0.751102 -0.403160 -1.841506 0.015950 2.891662 -0.754664 0.004391 -0.049162 0.716695 -0.753159 0.476829 1.047010 1.354076 -0.228191 -0.786813 -0.509312 -0.149399 -0.922620 -2.447502 1.071983 -0.829287 0.385602 -0.430392 1.407075 0.196935 -0.405300 -2.069956 0.362123 1.492212 -1.095718 -0.317790 -0.271176 0.070570 
中国 -3.158820 -1.741428 1.093474 0.214355 0.043471 1.099690 0.123978 1.287226 -0.504085 0.797862 2.164873 -0.925174 -2.129322 -1.025567 0.704469 1.078173 1.376271 -1.395542 0.293842 -1.046936 0.936887 -1.554047 2.014788 -1.086242 -2.302944 -0.053673 0.149639 -0.659270 -0.233917 0.776106 1.462409 1.090654 0.882980 -0.427628 2.654505 -0.614813 2.713753 -0.072294 0.482375 -2.527719 0.260396 0.422448 0.516535 -0.905335 0.756965 -0.677299 0.042521 -1.240191 -1.938969 0.693770 
中央 -0.498800 2.093359 0.982224 0.552768 -0.179954 2.309072 -0.042969 0.898120 -1.673978 -0.140329 0.225368 -0.665773 -0.463457 -0.824224 1.601433 1.932833 2.349952 1.045165 -1.601727 1.848222 0.777186 -1.846221 0.870642 0.745682 -0.199263 -0.239484 -2.503116 1.706447 1.942744 2.082078 1.904345 0.881745 0.297144 -0.082505 -0.490455 -0.628706 1.251687 0.647978 -0.610635 2.871701 1.531319 -0.397637 0.431313 -1.726513 0.087084 0.006077 0.875260 -0.782290 -1.151939 0.445185 
示, 0.499433 0.616344 -0.394241 -0.728339 0.344827 -0.658056 -0.347340 0.072061 0.238192 1.833512 -0.426864 -0.119536 1.340856 -0.252938 0.695309 1.572806 2.304264 -0.452148 0.387522 3.620348 -0.563368 1.916047 0.329606 -0.773721 0.674855 -0.522451 -1.650305 0.890263 -2.394397 2.284393 0.904960 0.860534 0.964917 0.115551 -0.189989 -1.902355 -1.083164 0.251860 -0.193607 2.471415 1.839001 -1.609756 0.769032 -0.271275 2.127032 1.628074 -1.334403 -2.901068 1.784899 1.777768 
今天 -0.041968 0.601534 1.432564 -0.366195 0.244185 -1.283946 -0.729628 0.590536 0.244512 1.093891 -0.741100 -0.565261 1.304589 -0.136271 0.579102 0.730729 2.434989 -0.443020 1.044849 -0.883158 -0.342942 -1.755942 0.588195 0.408967 0.472841 0.301416 -1.006207 0.714404 0.358676 0.298845 0.580123 -0.753222 -0.531805 0.857361 0.075544 -0.722347 0.651687 -1.115803 1.018739 2.310893 1.076545 0.679911 -0.166785 -0.958690 0.700876 -0.666784 -2.285619 -0.647279 0.908497 0.718118 
政府 0.448084 0.736570 1.477068 -1.725558 0.353153 0.566783 1.025804 0.211835 0.520992 1.343031 -0.410706 0.204990 -0.432917 0.710303 -0.303537 1.986345 0.133775 -2.383433 -0.537604 -0.789421 -0.170695 -1.281322 1.857382 1.185779 1.668199 1.674550 1.199486 2.800108 -0.111014 0.072818 2.622980 1.994768 0.820637 0.175432 0.029598 1.160727 0.841866 1.114381 1.573752 1.183257 0.451435 0.636556 -1.779477 0.338003 1.209408 0.976974 -1.187045 -0.490488 -0.101900 -1.864883 
,但 0.203045 -0.495290 0.192199 1.170497 -0.589298 0.320398 -0.080214 0.529182 -1.560174 0.439227 -1.324178 0.845940 -0.605880 1.654168 0.384919 2.237917 -0.023036 1.482731 -1.045427 0.645004 0.628733 -0.067243 0.430422 -0.020757 -0.602843 0.452402 2.144203 0.001496 1.914055 1.219087 3.002067 -0.190988 -0.010064 0.236432 -0.523044 -0.192556 -0.126213 -0.690879 0.125464 0.621184 2.249007 -1.489542 -1.808206 0.823560 -2.569488 -0.443308 -0.432218 0.159402 0.658617 -0.404794 
<s>中 0.183743 1.533662 3.887340 -3.154929 1.527309 0.301477 3.291188 -0.016774 -0.045430 3.460465 1.357070 -0.880365 -0.105722 2.758765 -0.836870 1.306892 5.396634 2.201287 2.139297 2.196676 1.474897 1.627888 1.997569 0.469443 -2.575877 2.390799 -1.590521 0.418854 0.674483 5.678548 2.463893 0.428319 3.815121 -0.745665 1.223953 -2.088226 2.510384 -1.543716 4.221406 2.447508 -1.873862 2.109070 -1.118762 2.839768 0.650766 -0.749819 1.378015 -4.054348 0.077497 0.247277 
央社 0.619188 1.184913 0.684230 -1.889634 0.913877 0.535523 -0.799913 2.234473 -2.671576 -1.704099 -0.033331 -0.604027 -0.715701 -0.371359 3.411801 1.715449 4.832140 3.296983 -2.657871 0.618485 -0.489745 -1.196525 1.716964 1.741903 0.596215 1.228466 -5.399173 0.572711 3.189874 2.250041 2.815593 -0.826730 2.161053 -3.128000 -2.461587 -2.510242 0.434949 -1.373957 -0.085817 5.552839 1.785475 -0.124316 0.895234 -3.823695 -0.849916 0.530419 0.921248 -0.116841 -0.081906 1.179129 
台北 3.095982 0.406911 0.200360 0.063478 2.182846 -1.045602 0.400025 0.873670 -0.356696 0.250674 -0.418001 -0.589176 -0.623058 -1.360647 0.729506 0.692060 1.850711 0.666152 0.486241 0.010170 0.226244 -0.357080 0.809681 0.054969 0.252157 0.496029 -1.420253 -0.238124 1.350547 1.557240 1.110787 1.211187 0.533709 -0.468466 -0.433744 0.275010 1.517005 -0.226256 -0.469087 2.538194 3.184602 -0.165480 0.416185 -1.957089 -0.779764 -0.848452 0.682025 0.262518 0.069120 0.921513 
公司 -1.301493 -1.167742 0.026830 -0.768365 0.763273 0.800946 0.163279 -1.474072 -1.033811 2.207488 1.393262 -0.078937 3.024770 0.402298 0.915753 -0.681987 -0.218295 -1.672198 2.906771 0.868116 -0.138980 -2.019685 -0.221943 -0.482876 0.655853 -0.009072 -1.256856 0.687645 -0.411426 0.632755 0.437189 0.342214 -0.297137 -1.022913 -1.048553 1.616929 -0.675500 -0.212304 1.090733 -0.477541 1.602108 0.882657 1.271855 -1.377078 1.225827 1.712317 0.052618 -0.123434 -1.348983 0.709360 
1 1.081368 -0.580328 -1.135789 1.442099 -1.673946 -2.448743 2.025656 1.293073 -1.833904 -0.689498 -0.809243 1.566480 2.314023 -0.306219 -0.141141 -0.668591 1.018938 2.675877 1.633551 -1.782868 -0.089286 1.322157 -0.344119 2.610641 0.567979 0.544949 -1.321597 -1.044111 3.391608 -1.624054 1.217444 -1.178115 -1.392364 -2.020357 -1.692906 -3.321878 5.113611 -0.817426 1.476830 1.024715 1.042920 0.595275 -2.273593 -2.792265 1.293891 1.032882 -0.907256 1.079283 -1.788119 -0.627256 
台灣 0.145734 0.403028 0.126906 -1.058980 -0.232780 0.502477 -1.479347 -2.148935 -0.583040 -0.819246 -1.527852 -0.536650 -0.390336 -0.192898 -0.168735 1.475083 0.616376 1.980117 1.327963 1.163997 -0.309396 -2.349990 1.979658 -0.575108 0.441124 -1.654746 1.453700 -1.640304 0.151055 -0.037869 0.189346 -0.398941 0.946252 -1.281516 0.018674 1.094738 1.220982 1.059826 0.522231 -0.795144 1.004014 0.407713 -1.971813 -0.197221 1.022714 -0.994202 -0.775298 0.201241 1.006666 -1.474522 
<s>( 0.395091 1.299665 1.509893 -0.144696 0.074969 0.330283 0.122439 -0.885287 -2.337303 -1.202690 1.331202 -0.826067 0.011303 1.014026 1.889901 2.774475 2.785259 1.453409 -0.664155 2.320719 -0.782919 -0.590800 1.248070 -1.287672 -1.398453 3.319717 -1.819629 1.057107 2.208046 2.962623 1.581993 -0.677704 2.278276 -3.769686 -1.576996 -1.586546 0.142523 -0.448617 -0.271192 2.919375 0.753331 -1.269765 -0.165978 -1.164097 -0.990951 -0.230968 2.737045 -1.635912 -1.673241 0.113304 
二十 1.893519 2.315069 1.205749 0.298532 1.229594 -0.794515 0.321080 -1.836425 -2.212409 -0.294048 -0.342515 0.698282 1.065892 0.102681 0.108905 -0.441925 0.465643 0.286756 -0.372960 -0.983506 0.272433 1.078119 0.638660 1.620899 -2.010730 1.712168 0.800561 0.311323 0.090537 0.217552 -0.020431 -2.572528 1.373172 0.087388 0.551463 -1.460049 -0.901785 -1.155217 1.253721 1.020417 1.141306 0.594928 1.567411 -1.653912 0.945198 -1.621707 1.259998 1.073718 0.051250 0.250411 
工作 0.012338 -1.064204 -1.226135 0.882627 -0.295105 -0.413024 1.175388 1.052783 1.578665 -0.086090 0.738662 0.249721 -0.051792 -0.744687 -1.050060 2.490381 -1.285487 0.455192 -0.442430 -1.246351 -1.454896 -0.242909 0.861051 -0.746785 -0.183731 1.413585 0.066666 1.139446 1.315279 -1.981373 -1.344405 0.519440 -0.400858 -0.560023 -0.633365 1.568133 0.478230 -0.725653 1.012287 0.118118 -1.784447 -1.033006 -0.792006 0.638689 -0.524880 0.132937 -0.297379 -1.823225 -0.339780 0.917261 
,在 -2.085852 -5.115671 -3.011051 -0.116091 0.030193 -6.297341 -1.871575 0.211741 0.851164 -0.433928 -1.661537 -10.148814 -5.075407 0.767774 -0.751375 1.557150 -0.058976 -7.394655 -1.941435 -3.481636 -2.121494 -4.699276 -0.603307 2.331589 -9.149575 -1.666223 -3.707974 0.698329 0.349217 -0.973352 -4.329520 2.881042 1.452331 4.927169 1.526755 0.093565 -1.082165 -3.013865 1.620739 3.906814 2.146919 0.633502 4.296383 -2.523867 1.927813 -0.187762 1.929384 -2.200073 -2.863564 -3.027725 
多雲 3.347933 0.420409 -0.910915 0.601247 0.196159 -1.202538 1.355633 2.608392 -2.779726 -2.209583 0.167051 -0.220162 -2.939906 -0.138542 1.270007 -0.829168 0.506723 1.985477 -0.246166 -1.182561 -0.883368 1.438684 -1.337071 0.533790 0.508337 2.708302 -2.052270 0.968297 3.912118 0.060831 0.999987 -0.035633 -0.425646 -1.989770 -0.455642 -2.599320 4.415131 0.496013 -1.492781 1.315789 -0.392449 0.875682 -1.074522 -2.835447 1.532407 -1.399771 -0.428763 -0.121074 -0.493078 1.433404 
日 2.563180 -0.396466 0.109667 1.961045 -0.771829 -3.278620 2.723059 3.861902 -0.354335 0.696947 -2.349740 -1.275344 -1.284453 -0.803580 0.475459 -0.951860 -1.785601 2.263686 -2.154673 -2.786267 0.958474 5.019011 0.253280 0.278187 0.087941 2.015010 0.054704 -0.983327 3.407132 -0.761122 1.905607 1.571287 -0.344095 -2.807410 -2.054860 -1.596737 3.872862 0.219021 -0.396298 2.219679 -2.571512 1.102847 -1.765872 -4.267435 1.345544 0.712455 -1.272356 0.283716 -1.810675 -0.245209 
記者 0.561223 0.422764 0.730230 -0.673371 -0.178160 1.272483 0.030464 0.065504 -1.377367 -1.233812 -1.516244 -0.363902 -0.032944 0.957398 1.445273 1.584847 3.545337 3.554231 -0.478823 0.158567 0.122528 -1.419321 1.530602 0.936621 1.015463 0.914629 -3.766970 0.069257 0.901697 1.529521 1.562006 -0.261096 2.164837 -0.507732 -0.740110 -1.428267 0.761722 -0.665998 0.160932 2.055860 3.288143 0.146387 -0.702547 -2.310836 0.134015 0.462152 0.252133 -0.297857 0.056124 1.265970 
,他 0.062745 0.483427 -1.574806 1.204158 1.775753 0.007829 0.033297 3.125097 2.569755 -0.196792 -3.699465 -2.840068 1.985843 -0.872838 0.009161 1.770068 2.868618 0.436870 -1.552547 -0.766278 -6.071534 -1.724502 -0.808580 -1.628327 1.456941 -2.011484 0.737142 -1.115536 -2.307049 -1.973784 -1.486465 3.549217 -1.223958 -2.528997 1.028264 -1.869047 -2.228552 -2.813204 0.233186 1.047088 1.798948 0.887888 -1.198728 -0.891393 -1.211314 0.587151 0.029514 0.117346 -2.038001 -0.211621 
发展 -0.044951 -0.327152 0.918481 2.284322 -0.638289 -0.391819 -2.235656 1.406643 1.817269 -2.126934 1.418644 0.637104 -0.966380 1.908904 -0.399569 0.931322 -0.201579 -1.177628 -0.022684 -0.675000 1.322753 0.652620 1.350410 -1.398296 -1.782532 -0.504845 2.018527 2.197087 -0.725501 2.066770 0.762987 1.576903 -0.246936 -1.897933 1.136668 -0.746102 0.409545 1.586912 1.450145 -2.098451 -2.088141 -1.472900 0.914765 -1.765072 1.057023 -0.587851 0.294428 -3.173186 1.021725 1.163437 
经济 -1.177319 -0.525330 0.700916 1.549250 -0.263590 1.396409 -2.254348 1.382898 -1.063485 -0.302493 1.681949 -0.200116 -1.941998 2.338024 -1.654199 1.952116 -0.735306 0.394829 -0.930225 -0.296921 1.266009 0.271461 2.029900 0.009498 -0.789480 2.047863 0.885359 1.994884 0.777508 0.971711 0.917852 0.821237 1.410248 -1.938401 1.660000 -0.172402 -1.178420 -0.038036 -0.275436 -1.373626 -2.690610 -1.243154 0.328401 -0.806089 1.485388 -0.741563 0.988776 -2.311594 1.081884 1.430232 
出, 1.335151 0.571803 1.699204 -0.238421 1.647088 2.231274 -1.232050 -3.816102 -1.734638 0.353262 0.265217 -1.454365 2.243791 2.324121 1.566195 0.835176 1.020946 0.863738 -0.363084 2.193573 2.396174 1.176876 -0.422314 1.152770 4.951341 -0.808618 2.248340 1.900571 0.498798 2.310675 3.103891 0.789771 -2.362884 2.350968 1.523000 1.495512 -1.493166 2.015699 2.023246 -0.342100 -0.344832 0.764240 1.579334 1.348560 1.660804 1.982505 -1.827234 -5.414799 2.087025 -0.604993 
說, 0.250614 1.131226 0.467466 1.444967 1.986555 -0.634973 -1.592916 -1.553764 0.355406 -0.066894 -1.237860 -1.288641 1.505163 0.942468 -1.440121 0.754164 1.660971 -0.050669 0.010275 2.975656 0.138160 1.009445 -0.642917 -0.360195 1.587954 -2.098182 -1.430998 -0.634093 -1.530302 0.646320 1.147920 0.491443 -0.158419 -0.343728 0.521981 0.696957 0.022941 0.128660 1.719233 1.558030 3.862941 0.601506 0.041803 0.175289 2.262063 1.623703 -2.134769 -0.966027 1.388239 1.160565 
记者 -1.361512 -0.275604 -0.475918 -1.252005 0.961992 0.333314 -0.213916 -1.377469 -2.343114 -0.584595 1.377766 -1.901952 1.682937 0.873324 0.456520 0.178678 3.355645 -0.539175 -0.918631 -1.078455 0.137198 0.005384 -1.063766 -0.939091 0.046766 3.104877 -0.855169 -0.413638 0.246703 -0.221038 3.378561 0.145555 3.017195 -2.164639 -0.466840 -1.796111 -0.346065 0.891507 -1.908853 1.246030 0.489608 -2.578652 0.823667 -1.098277 -0.072237 3.880796 0.475853 -0.492248 1.656127 0.589691 
2 -0.639202 -1.116799 0.564767 -0.262534 -0.854877 -2.247158 1.320413 2.268922 -3.564246 -2.584378 -0.511246 0.875695 -0.691058 -1.729675 -0.063522 -1.990455 0.661581 -0.242433 1.854297 0.063295 -1.002618 1.783681 1.196251 1.541734 -0.328728 0.067874 -0.794255 -0.506587 3.136777 -0.912486 1.794180 -0.249585 -3.685202 -1.542756 -1.682139 -2.525340 4.010413 -1.593129 0.032478 1.225970 -0.248322 0.087494 0.325748 -1.082220 0.579824 1.145339 -0.052187 0.018976 -2.747281 -0.421549 
,以 -0.483284 -0.001824 -0.461744 2.661534 5.692098 -1.380850 0.579880 7.078343 0.340243 -2.622892 1.374081 1.231632 -3.848156 -0.934393 1.248489 2.222210 -2.411068 -0.288880 0.585797 -2.824703 1.217824 -3.208034 0.049700 -5.490115 -0.774697 -2.661947 -5.772896 -0.527602 1.808764 4.690874 -5.469779 1.207416 -1.431813 -1.803455 4.955968 0.859280 -2.354850 3.325311 2.608781 -0.895294 2.251907 -3.298260 0.720934 1.513016 0.761307 -1.281722 -3.219368 1.838001 -4.107507 -4.933040 
目前 -0.053826 0.896719 -0.544896 -0.405483 -0.524757 0.783500 -0.687066 -0.098273 -1.308272 1.153367 -0.364873 -0.817271 -0.710649 -0.014125 0.277112 1.211712 -0.645071 -0.614617 0.424484 0.984788 0.244262 0.801071 -0.675462 -1.556163 0.291411 0.216860 1.515621 0.766430 1.649611 1.308267 1.816455 -1.163629 2.061878 -0.717086 -0.724676 -0.788156 -1.125777 -0.499432 1.251164 0.372304 0.132161 -0.845036 0.577246 -0.480234 1.180513 1.516542 -1.128449 0.169954 0.407622 0.662390 
11 -1.246209 0.193648 -0.303654 0.866948 -0.912376 -2.800017 0.424146 0.256457 0.713081 1.709972 -0.458951 -0.849704 -0.638206 -0.877340 -0.361564 -0.324401 -0.710473 -0.881974 0.925520 -1.685284 -0.564200 2.562531 -2.394071 0.943057 1.184081 0.799854 0.015427 -0.879474 1.263819 0.546083 -0.100187 -1.590474 0.772759 -0.444648 0.300640 -0.915025 2.115389 0.356970 0.652695 0.063240 0.778490 0.130786 0.517939 -1.698360 1.875435 2.948243 -1.478969 -0.067035 1.158795 0.104087 
12 -0.522522 -1.888212 3.035827 -0.400962 2.081762 -3.807490 -0.170971 1.128052 -0.256925 -0.105111 1.047433 -0.586836 1.382125 -2.461477 -0.209455 -0.793137 -0.334023 -2.492696 0.675638 1.171225 -0.889751 3.255759 -2.302451 -0.083314 0.461413 -0.482623 -0.024617 0.608547 0.836435 1.796917 2.216250 0.018013 -0.043652 -1.204379 -2.472285 0.427319 1.139754 -3.643850 1.216136 1.068794 -1.083534 0.232630 0.226178 0.124683 1.278260 1.791279 -1.705240 0.405170 -0.654977 0.517554 
19 -0.310621 -0.474716 0.573007 -0.842625 1.362675 -3.188066 0.405002 -0.245425 -1.646298 4.496170 2.765867 0.133030 1.747940 -1.862561 -3.419954 1.916963 -2.177259 -1.580328 -2.024355 -1.590942 1.676813 0.052037 -0.680794 0.327062 0.707994 1.123112 0.252255 -1.136285 0.464910 0.617745 -1.002581 0.300476 2.237045 -0.694851 2.752715 -3.357138 1.795118 -1.875529 2.179692 -1.217511 1.651852 -2.128495 0.799886 -2.269104 0.701384 0.425932 -1.194887 -0.757436 1.439233 -0.138492 
<s>他 -1.545690 3.472897 1.312248 -0.322868 0.675272 0.125776 0.457611 0.058073 1.804425 1.481504 -3.204835 -2.179825 1.686653 -0.561224 -0.167023 1.023216 5.210195 0.466852 -2.931231 2.886189 -0.332153 3.613469 -1.235377 -0.645145 2.996782 -1.709203 -0.457594 1.072350 -4.286774 -2.201751 -1.224890 3.130242 0.130640 -1.050089 2.587920 -1.518109 0.324675 -0.890086 0.401456 -1.813249 0.815614 1.651166 -1.066279 -0.736754 0.702619 3.578362 -2.404466 -2.080527 2.170820 0.250829 
说, -3.403162 -0.803839 0.001991 0.546664 0.907509 -1.905784 1.544735 1.718274 -0.438267 -0.925332 1.615638 0.770336 -0.131224 1.345467 1.261994 0.366395 2.756776 -1.131868 1.006865 3.474895 -1.203868 2.981822 -4.027833 -3.437246 2.301198 1.008521 -1.285758 1.491846 -2.632208 -0.726680 0.887490 2.512147 0.774287 0.593846 3.284040 -1.826418 -0.096655 -1.914198 -0.922014 1.215693 0.416697 -0.251973 1.000034 -1.350278 2.288748 3.394737 -1.102809 -0.901091 1.454251 1.457062 
今年 -0.746815 -0.359292 -0.524754 0.473337 -0.587531 -1.935611 0.346840 -0.249182 -0.123450 0.190111 0.898906 -0.289646 -1.532915 -1.338389 -1.000449 2.803725 1.264193 -0.492873 -1.820431 -0.439380 0.850011 -1.421609 1.098339 -0.851257 -0.046806 -1.872382 0.479174 1.104971 1.239698 3.891896 1.129447 0.277995 -0.152271 1.861004 -0.522628 -1.997896 -0.864009 -1.180643 0.594694 -1.746020 -0.725105 -1.016146 1.062572 -1.704331 2.122934 1.859844 -2.357354 0.954357 0.366859 2.121487 
指出 1.991722 0.353839 -0.564380 -1.252859 0.398104 -0.023613 -3.683082 -1.387118 -0.411271 1.166818 -0.715670 -1.548282 3.473562 -0.121731 0.997723 2.277803 1.439564 0.052583 0.919145 1.159666 0.572347 0.977510 1.017311 0.799192 1.371208 -0.538166 0.074625 0.332294 -0.275216 1.843621 4.213787 2.650963 -1.282863 1.866843 1.092963 0.895902 -0.851030 -0.764190 1.072280 0.980657 1.190905 2.489867 1.344262 -2.295081 1.557620 1.891397 -1.242027 -5.034249 2.748955 -0.048805 
日電 3.822678 0.775671 -0.660153 -0.705322 3.677500 1.250232 3.138321 3.151717 -1.971383 -2.512827 -3.943712 -0.493975 0.850772 -2.034596 2.961722 -1.097046 2.040947 0.652861 -1.246932 -0.992645 0.805823 2.263432 4.593612 3.611868 -0.167986 3.062752 -5.747673 2.360727 6.563463 0.859470 1.391455 -0.902039 1.364967 -2.096125 0.004925 -0.695698 0.661671 -2.146556 0.292738 0.016925 0.689385 2.378137 1.748610 -3.271253 0.745587 0.064755 2.869004 2.222491 2.182903 1.478583 
,不 3.684689 1.737484 1.184839 -1.233307 1.446033 0.965866 1.933313 1.567772 1.505529 -1.873989 -3.097400 -3.573179 -1.235250 -5.027050 2.318928 4.358650 -2.458624 -6.673196 5.597619 2.362489 -4.743449 -2.734678 -1.168435 -0.784909 2.611007 -1.747640 1.347174 -1.808214 2.399321 1.600623 -0.654875 2.902389 -1.195781 -2.669571 -2.434246 -1.032069 -5.042587 -0.812642 -4.790123 1.247478 -4.305784 1.242153 -2.370019 -0.031751 -3.528949 -2.959615 1.693257 -0.733802 -6.226759 -2.375074 
国家 -3.075040 -2.910574 0.698730 -0.561621 1.032008 2.595898 1.791484 -0.556934 0.260613 -1.852699 3.111099 1.016384 -0.660747 -0.025442 1.919088 -0.871002 0.892570 -1.019174 -0.650590 0.622534 -0.279278 -3.043915 -0.569329 0.568993 -1.663552 -1.413904 -1.487282 -2.821232 0.367196 0.028501 3.937421 2.240151 -0.372308 -1.201730 2.191423 1.976631 2.526150 0.382804 -0.338385 -1.729510 -0.334778 -2.415397 0.797563 0.633894 0.330929 1.318787 0.432842 0.137992 -0.548586 0.456673 
<s>2 -2.899829 -2.674031 -1.124802 -1.651653 0.366588 -3.649828 2.573110 2.161880 1.320236 1.356881 -0.746887 -0.764240 1.329715 -5.675249 -4.487527 3.697553 0.928415 -1.220828 2.206295 -3.562301 2.087946 2.055465 0.700938 -2.120306 2.465189 -3.389323 2.510828 0.499029 1.911353 1.987223 2.525507 0.187280 -1.191272 -2.537335 0.573204 -2.104223 3.294573 -3.637273 -1.724528 -1.834243 -3.323957 0.780623 2.230520 -5.867755 0.508635 3.073493 -2.554200 -0.971040 1.841733 -1.926759 
社記 0.428716 -0.074401 1.566932 -3.662894 -0.294770 1.215806 0.560994 0.947470 -4.363050 -4.396154 -1.121395 1.355587 -0.507345 -0.951532 3.965924 3.205951 4.620220 2.230957 -3.807473 2.024040 -1.891340 -0.837889 3.361189 1.367526 0.409576 1.730102 -6.069878 1.715792 3.747541 3.315067 3.407564 -1.769068 3.184498 -3.158423 -0.595847 -2.191493 1.334863 -0.004213 -1.998150 4.196793 4.000439 -2.365169 0.008990 -1.609424 -0.690917 1.214256 1.721848 -1.131230 -0.162304 -0.150246 
北京 0.806849 -1.084867 2.699967 -2.023822 3.165920 -0.381982 -0.010084 -0.380512 -0.040951 1.524981 -1.178739 -2.180786 0.498651 -2.156002 1.368430 -0.543808 1.509494 -1.176523 -1.113114 1.083967 -0.271640 -2.883323 1.712970 -0.994528 -0.784363 0.936485 -1.410676 0.793594 -0.868593 1.117502 1.326475 -2.057641 0.292641 -1.521893 1.068879 0.506741 0.801468 -1.371153 0.176289 -0.099907 -0.799837 -3.159597 -0.366071 -1.449588 -0.329935 2.244125 1.776031 0.794992 0.739636 1.763035 
(中 1.557169 0.211701 0.990899 -1.809552 2.544158 2.594785 1.603130 0.577248 -4.361002 -1.193443 -0.778835 -1.093726 -0.954661 1.805188 2.370643 2.940569 5.795797 2.571906 -0.358538 3.274857 0.450919 0.984721 1.783607 0.589282 -0.762208 2.862382 -3.904002 1.388809 2.369849 4.370872 3.836527 -1.119450 2.752742 -4.892250 -1.458811 -4.063647 1.797088 -0.609327 2.327160 4.866469 1.770239 -0.375589 -0.797078 -0.867870 -0.539569 -0.267380 3.872596 -1.072673 -0.309707 -1.013843 
月1 -2.439202 -0.444387 -2.510375 2.603608 0.882988 -0.916292 2.326907 0.560689 0.115508 2.778713 -0.211960 -0.508379 -0.895691 0.966518 1.639923 0.061607 1.307708 -0.022730 0.118843 -0.997368 -0.542137 0.413716 -0.978377 0.936096 0.753656 1.577374 -1.273631 -1.082327 1.584517 -0.831492 -0.172002 -2.094796 1.302405 -2.576069 -1.326180 -1.790421 2.116318 0.236950 0.748785 1.192557 0.751910 -0.484358 0.584634 -4.534182 2.488850 2.549624 -4.078650 0.134467 0.422599 0.018698 
人民 -1.888670 0.855999 -0.575074 -1.089359 -1.630124 2.561901 1.417938 -0.924303 0.189373 -1.214107 0.469866 0.225981 -2.389553 -1.224692 -1.047155 -0.487220 0.261103 -3.046445 -2.668124 -2.125948 -1.683530 -0.364007 2.152535 0.143177 1.228076 3.665612 0.305042 -0.975888 -0.231584 2.531845 1.243538 -1.998292 0.140956 -0.884561 -0.975408 -3.629684 2.093526 1.196662 -0.888828 0.574187 -2.949019 0.254927 -1.858439 1.079984 -1.022588 0.166712 -1.176237 1.340510 0.676520 -2.020451 
,而 0.240634 0.552224 -4.043337 -1.713553 -0.472170 3.882941 -6.865043 1.799046 0.658903 1.083271 1.410983 -0.685205 -2.792256 -0.534326 3.757373 1.041241 -2.237099 -0.496809 0.147946 -3.260411 1.608995 1.322362 3.279248 -2.115547 3.725599 -3.037295 0.291092 0.263450 6.115740 0.207797 4.804787 0.761500 -0.477101 1.479041 1.231879 -2.238826 -1.181416 -0.142589 -2.659079 -1.721715 1.290980 0.058139 0.181535 0.373040 -0.429350 0.335322 0.574823 1.588610 -0.458519 -5.556500 
,中 0.969665 -3.647108 1.829806 -0.522707 2.459260 -1.420062 3.015583 3.724803 3.289586 6.036016 -0.410666 -3.022078 0.138769 4.092566 -4.386334 1.744244 3.725150 -3.284407 3.555219 -2.462406 -2.955489 -2.863883 2.515488 -2.780964 -5.128441 -0.266415 -0.520230 -2.844518 -0.474293 7.469227 3.273510 1.944905 2.799764 -0.217399 1.843276 -2.394255 -0.299929 -4.239964 4.712732 -2.212589 -3.085311 2.809224 -4.234763 3.288884 0.163976 -2.745265 -1.114701 -2.130980 -4.884333 0.911866 
多 2.480426 1.418633 -0.758553 -0.125345 -0.217413 -2.789938 1.506163 2.141877 -1.831640 0.032187 -0.020230 -0.840423 -4.282317 -1.126819 2.135203 0.345375 1.306320 2.063449 1.186100 -2.967299 -0.928652 3.938354 -1.450891 -0.735117 0.120327 0.966835 -1.904805 -1.049838 3.479687 -0.733816 1.354931 -0.402153 -1.404861 -1.446950 -1.359814 -2.159343 3.576946 -0.557352 -0.574239 0.753005 -1.818525 0.252028 -0.259348 -2.822402 0.605891 -0.616312 0.603054 -0.173934 -0.242073 0.366997 
一个 0.067478 -2.184484 0.500637 -1.828144 0.318436 0.700617 0.037726 2.282634 -3.023747 -3.052349 -0.548821 0.916127 2.164577 0.034108 -0.400472 -1.555610 1.930122 -1.865953 -2.056108 -1.101864 -0.096279 -0.149529 1.467509 -0.515777 -1.383251 0.681598 -2.776960 1.639671 -1.255841 -1.661850 -0.197197 -1.575113 -1.395770 0.248190 -1.235933 -0.768567 1.274664 -1.333591 0.831519 -5.414252 -1.899312 -4.150504 0.275670 0.823611 -2.216676 -3.904407 -0.886102 -0.229838 -0.357109 -0.305582 
世界 0.537240 -1.477049 0.919142 1.417267 -1.368641 -1.244779 -2.213954 -0.750983 0.626164 -0.480166 0.822951 -0.920880 -0.776415 -1.915437 -1.135672 0.189958 0.530776 -2.212283 0.114721 -0.708348 1.023572 0.036771 1.938624 -1.484601 -0.901652 -2.106933 0.490912 -1.453322 -1.130877 -0.581633 0.752764 1.146979 0.167495 -2.648964 -0.162824 -1.674347 2.844536 -0.871985 0.265357 -0.784103 -0.202422 0.705848 -0.774209 -0.578095 -0.061951 -1.429950 -3.009629 0.434049 1.284014 1.624071 
美国 -2.466499 0.038022 0.902626 1.197254 0.651516 1.096658 1.394259 0.061450 -1.900336 1.217958 0.982003 -0.619211 -0.862427 1.462042 0.608004 -0.198483 -0.002715 -4.879627 0.395237 1.596342 1.041692 1.110263 -0.655706 -0.735152 2.116428 -0.806653 -2.236547 -1.138706 -0.902681 -0.145213 2.284169 -1.076568 2.462906 -2.253589 2.974014 -0.756302 0.837538 -0.459258 1.736604 1.936446 -3.306150 -1.276474 -1.646932 -1.276923 -0.738141 3.511194 -0.544721 -0.470815 -0.520001 1.214876 
美國 -0.716372 2.401022 2.028202 -1.147890 -0.010220 0.769687 -1.942093 -1.493527 0.927540 -1.281675 -0.969302 0.459560 -1.061040 -1.265101 1.047225 -1.440524 0.917976 -0.886142 -0.945531 -0.151068 1.240490 -0.429624 0.438432 0.278800 0.532547 -2.141666 -3.008485 -0.899063 -0.269021 0.727202 0.354404 -1.395542 0.165397 -0.049213 -2.058873 -0.932363 1.911462 -0.173465 -0.127735 0.781655 -0.035294 0.641071 -2.776904 -0.447791 2.941234 -0.501568 -3.235197 0.777625 -1.154576 -1.641408 
中, -1.890026 2.410237 -0.536536 -0.485531 -3.480727 1.432587 -3.602249 -4.055459 -2.252735 -5.564398 1.779191 2.341624 -0.164045 -6.386778 3.842031 -0.937074 -5.841725 1.007208 -4.192636 3.273625 3.482995 1.457745 -2.776590 0.708550 4.791042 -0.667122 -0.147624 2.000870 -1.657513 -4.057276 -0.005362 -0.974939 -1.268354 1.330778 1.580988 2.104970 1.632301 4.349640 -7.069666 -0.429198 4.425511 -1.990421 4.338627 -3.833166 1.580484 1.853894 -2.314487 1.230730 3.299561 1.478685 
電) 4.392339 2.347205 0.163599 1.434116 4.320103 -0.118114 5.166246 -0.088198 -2.245712 -0.564264 -4.119846 0.020136 -0.215074 -0.512570 3.490170 -2.259463 1.617999 0.973088 -3.791367 -1.086396 0.632681 1.118156 2.407348 4.900739 -1.513894 2.094478 -3.405938 2.081197 4.723303 0.778448 -0.940627 -0.254315 0.651907 -1.956814 -1.356533 -1.907286 -1.038433 -3.880221 -0.590056 -0.142416 -0.567393 2.661993 1.407946 -3.599241 -1.174846 -2.382730 0.519030 2.880284 0.563818 1.545197 
月2 -2.022450 -1.296792 0.118719 0.998225 1.189435 -4.080792 2.636554 1.883686 -1.900671 2.469622 -1.066127 -1.380393 -1.132519 -2.919421 1.297995 -0.115217 1.707505 -1.706430 -0.237278 0.293067 -1.817072 2.839826 -1.335171 0.186081 1.414988 1.100482 -0.840617 1.568695 1.207393 -0.276181 1.482606 -1.343325 -0.699191 -3.960019 -2.750573 -0.223422 1.656293 -2.380953 0.173048 -0.040225 -0.686198 -0.129438 -0.101025 -3.032115 2.628954 1.833419 -3.892727 -2.009637 -0.966677 -0.234690 
可能 0.558615 0.438645 -1.997672 0.538861 -3.751507 0.785933 -0.964613 -0.199367 0.549545 2.224190 -2.237094 0.193620 0.259377 0.741062 0.337860 -0.040239 -0.562867 1.074755 0.365894 -0.145039 -1.670650 1.239533 0.825061 0.007836 3.353312 -0.006190 1.443504 -1.434342 -0.101807 0.844717 3.044189 -0.431624 -0.356619 -0.700076 -0.821387 -2.592857 -1.215641 0.485083 -1.706490 -0.927332 -1.710207 1.055082 -1.369178 -0.679338 -0.250251 -0.108097 -0.468793 0.535648 -2.067527 0.656235 
01 -2.765019 -1.478596 -0.846422 0.315329 -0.956889 -1.941033 0.758900 0.512535 -0.021075 0.649037 0.417581 0.398728 1.715513 -0.173481 -1.514196 3.722400 0.642007 0.677287 1.480490 -3.729040 0.655422 1.242365 0.075507 -0.896562 -0.216371 1.460143 0.615662 -1.651991 2.382983 0.012555 -1.455646 -2.701627 0.755443 -0.648950 0.522886 -4.105850 4.585866 0.498400 1.808434 -0.582836 -0.483644 -0.246703 0.858399 -3.791787 -0.062929 3.705715 -1.864851 -0.005427 2.556978 0.812283 
中國 0.985548 -0.496373 1.200828 -1.206678 -1.444261 1.188315 -0.773365 -1.917493 2.762450 -0.301697 -0.327894 -0.322468 0.081107 -1.480709 2.233955 0.577310 0.896830 1.740832 -1.842353 -0.058105 -0.185180 -3.959171 0.808591 0.180301 -2.527582 -0.938854 -0.268234 1.359507 -1.221321 -0.065377 0.862311 0.927886 -0.670024 -1.666042 -2.694283 -0.187973 3.907785 -0.107969 -0.782140 -3.006212 2.314931 -0.260309 -2.511603 -1.006682 4.482445 -2.245686 -3.210937 1.014224 -2.695024 -0.790622 
<s>在 -0.953708 -2.275644 -0.806637 -0.363077 0.360086 -4.979861 -1.762602 -2.686557 -1.186484 -0.143196 0.624897 -6.509035 -4.539940 0.100251 0.188920 -2.316752 -0.333630 -5.164679 -1.340534 0.775323 1.509088 -0.362257 -1.186778 2.210886 -6.872513 2.512408 -2.261507 3.196966 -1.689493 -2.695909 -3.420692 2.404008 0.881519 3.451656 1.089855 1.706335 0.433486 0.247812 1.224483 2.642203 -0.463286 0.409545 6.266969 -3.500792 3.531921 2.048492 -0.625725 -2.207397 1.386077 0.745473 
,也 -2.220877 -1.492026 -4.986972 2.697698 2.965048 -1.978176 1.016837 -2.128328 -1.760688 2.642165 3.123703 0.216856 -2.753690 0.644960 -3.158627 1.155440 0.525981 -1.126872 0.484058 2.539542 -5.536375 -3.104423 3.617430 1.069849 1.511492 -1.998360 1.128980 0.462516 -2.777861 -2.313437 6.113673 -4.418911 -4.252472 -2.741392 -6.610204 1.477401 -1.127848 -5.688872 -4.758452 3.173307 0.498924 -6.648422 -3.325533 4.480777 1.200369 -3.462009 -0.468948 0.220011 -2.953626 -0.214483 
分之 2.173553 1.271666 0.439873 0.654830 1.583748 1.297640 0.124242 -3.073112 -1.210268 -0.920331 -0.988040 2.480852 1.517084 -2.745538 0.497087 2.252686 -2.102638 -0.031215 -3.487314 1.293133 -0.730174 2.684396 2.372940 4.108023 -1.379818 -1.810912 -1.838789 -0.330552 0.193433 1.665176 -0.357287 -1.087960 0.295209 -0.101425 0.771937 -1.809613 0.425638 -1.898689 0.788274 -2.633126 0.461866 1.783602 0.220903 0.129634 1.075641 0.318155 2.099111 0.126889 0.490104 1.845240 
0 -0.113101 -0.017845 1.156551 3.436965 -2.543793 -0.787448 2.751977 0.842810 -1.283511 0.214226 -1.941501 -1.511534 1.493208 -0.610468 0.080468 -0.308392 -0.249746 -0.067047 1.543798 -1.677181 -1.894254 2.746253 1.484613 1.871293 0.730357 0.654568 -1.109101 -0.551536 3.271464 0.602309 1.251473 0.062445 -1.485739 -1.381381 -0.539901 -2.783609 4.024415 -0.219379 0.051923 0.267006 0.297085 0.093724 -1.140837 -3.070409 0.470101 -0.775346 -0.033985 -0.037044 -0.098884 -1.527232 
企业 -0.922839 -1.421307 -1.602854 -1.538309 -1.471871 2.501206 1.705945 0.097071 0.322318 -0.581518 0.927409 0.299970 0.175431 1.204241 0.733034 1.569487 -1.334242 -2.962801 0.807991 0.457612 1.420877 0.067084 1.096023 -0.595868 0.834809 -0.556258 1.791837 0.317507 -0.449657 2.417366 -1.153555 1.587584 1.165500 -2.546550 1.499113 1.078404 1.221493 -1.244197 1.183465 -1.973578 -0.232565 -1.175951 2.206670 -1.000932 -0.266636 -0.634568 2.100476 -0.742267 -0.107890 1.537537 
總統 1.511809 -0.141373 4.406816 2.087170 -1.036896 0.218071 0.284120 0.196393 0.395245 0.543202 -1.765055 1.322412 0.282560 0.245892 1.093086 0.327197 -0.102284 -1.426555 -0.755388 2.226703 -1.911314 -3.235455 1.744796 0.455358 2.248497 1.015295 -1.118812 0.355229 0.499171 -0.834947 0.092693 -2.519797 -0.159106 3.060912 0.677902 -2.215449 0.599604 -0.624339 0.720268 2.405150 2.165341 0.871031 -1.790804 2.495225 2.494624 1.808778 -2.429741 0.328351 1.727512 -2.766504 
日电 0.692136 2.142969 -2.012844 -2.966313 1.185833 1.356160 2.552163 3.369698 -3.380014 0.744832 -0.748135 -2.558079 -0.752670 -1.319755 -0.378642 0.200882 1.239876 1.569262 -0.179934 -1.920608 0.003886 -0.038860 -1.689290 -3.804651 -0.231126 2.214673 -0.271843 -1.452087 2.317442 0.779362 2.814119 -0.391733 2.185324 -5.864713 -0.241320 -1.109681 -2.133928 1.106294 -0.734013 2.457902 -0.414639 1.210915 2.080054 -3.399022 1.638122 4.566455 -1.131839 1.278626 -0.173071 -1.649810 
,这 0.225410 -3.224880 -1.295867 0.807759 1.042777 -0.472392 -0.675975 -3.065206 0.709194 2.104551 -2.074377 0.378002 1.166136 -0.278727 -0.384071 0.224691 1.875412 3.069803 0.653896 0.171037 -8.475141 -1.520848 4.337338 -3.757567 -1.271831 -0.208348 1.521093 -0.742242 0.672409 0.739654 0.733195 2.744629 -2.096169 -2.074404 1.608174 0.328546 -2.368773 -2.128894 -3.058009 1.029964 -4.510126 -2.000224 -0.854183 -2.118865 -1.339491 0.635607 2.830986 3.762010 -4.900812 2.469800 
百分 2.924428 0.040772 -0.892462 0.084084 2.136494 1.682258 -2.151801 -1.379994 -1.361695 0.857673 -0.135855 3.178472 -0.786336 -1.275170 0.540608 3.066384 -2.274851 -1.026042 -1.900898 0.303438 2.297206 0.054180 2.924217 2.649537 -1.863948 -1.500510 -0.520177 0.010543 2.008285 1.977937 1.031256 1.302687 0.085716 0.454205 1.825101 -3.165131 -0.024105 -2.649668 1.775866 -1.682015 -0.047764 3.062017 -0.697265 -0.068052 -0.426565 -0.604212 2.229437 0.319095 -0.288667 1.186045 
30 0.775636 0.560165 1.369457 -1.943914 -0.668822 1.514155 0.113728 -2.886727 -2.220322 0.682149 -0.518351 0.106923 1.906328 -3.338632 -1.364023 -3.768765 0.623152 -0.917027 0.510208 -3.065477 -2.950913 2.384973 2.859379 1.625280 0.609067 -0.898244 -0.197688 0.447473 3.758443 0.308382 -1.115220 1.021046 -0.357750 2.172879 1.739567 -2.400085 0.871048 -0.902233 0.379179 0.762788 -2.877368 -3.514237 0.487922 -0.154188 2.232700 3.901997 -0.316350 -3.707416 -5.312891 -3.076283 
市场 -0.955039 -0.783782 1.654441 -2.327405 -1.234818 -0.014830 0.005995 2.861856 -2.251265 -0.680386 0.763611 1.807862 -0.689832 1.908435 2.577322 -0.137721 -1.914232 -2.038433 0.544470 1.835146 1.059138 -1.384950 1.516097 -0.444079 0.959847 0.140962 1.195610 1.255783 0.351535 0.269255 1.656124 0.134105 0.834045 0.119940 0.142576 0.216912 -3.063016 -0.474141 -0.288678 -3.098664 -2.204103 -2.471130 -0.288565 -1.126820 -0.881097 -0.553062 0.744338 -1.608946 -2.717766 1.566705 
地區 1.370913 2.967084 -1.130874 0.022759 -0.019705 -3.376464 -2.479794 0.850989 -2.565452 -3.026955 -1.535812 1.302323 -1.943047 -0.426490 0.907914 -0.625748 2.112598 2.042970 2.693424 -0.738575 0.011214 -0.661562 -0.016747 2.372128 -1.467923 -0.340269 -2.088653 0.852900 2.673624 1.105400 2.202475 -0.882916 0.183370 -0.677817 -0.561629 -0.482835 2.184942 -1.399980 1.369986 1.118867 -0.481372 0.692276 -1.816503 -0.427282 1.489673 -2.329345 0.927681 0.250168 1.631503 0.220656 
,一 0.727758 -4.209169 -1.770160 1.584997 4.127296 0.781111 -2.537458 0.189454 0.106387 -0.088455 -1.610734 -3.296239 -0.153220 -0.076470 -1.952428 3.913588 -2.069392 1.406440 6.357856 -7.170679 -6.104423 -7.791392 2.108796 4.178632 -1.343355 0.887801 -1.977895 2.778616 -8.019453 4.465783 0.231028 3.581083 -0.702160 -1.581722 -0.771036 -6.483755 -1.063579 1.918429 -6.175994 -4.966086 1.306283 0.580963 -3.864046 -0.033452 -0.916950 -3.157046 3.539007 5.296277 -0.571525 -3.752278 
香港 0.945719 1.631587 0.731303 -1.402772 0.799630 0.737145 0.788485 -0.954240 -0.085335 0.383855 1.312004 -1.777579 -0.599286 -0.070219 0.982962 -1.555325 0.887119 -1.186006 0.261745 0.752662 1.031263 -2.983039 0.138502 -1.094114 0.212301 -2.089070 0.009035 0.908490 1.132721 0.987850 0.748328 -0.543918 1.238929 -1.479879 1.381292 0.856383 0.170591 0.497693 -1.009703 -0.598983 0.165326 -0.630610 0.000531 -1.625003 1.277517 0.322484 -0.486665 -0.268010 -0.250985 1.844397 
问题 0.232916 -1.819917 -0.335633 -0.920719 0.341011 1.923219 -0.361289 0.108098 -0.100487 -0.576535 0.134848 0.376063 -2.975694 2.587523 0.216983 1.937843 -0.848708 2.245983 -2.937999 0.585009 -1.712901 3.555469 -0.814956 -0.711620 0.427856 1.531417 -0.755154 0.113716 -0.569553 -0.332507 0.221179 1.457343 -0.741605 -2.480982 -0.803038 2.065907 -2.147810 1.067657 -1.237521 0.274858 -3.364930 -1.229854 -1.989644 -1.819156 -0.245271 -0.840569 2.457972 -0.731556 -0.302102 0.710419 
元, -2.413305 1.290293 0.499728 1.126368 -0.708369 -3.191560 1.889791 -2.262072 -2.919707 0.026934 0.702919 1.058632 -0.257000 -4.006974 1.199059 -2.587912 -3.236852 -1.591431 -3.311219 2.421515 3.590335 4.029119 -0.556163 2.257424 3.003744 -1.685186 1.320410 1.415968 0.078702 1.927590 -1.904451 -3.054004 -0.192211 1.116587 3.118308 -1.556159 4.528711 1.481313 -3.470018 0.256134 0.482771 1.156678 1.735236 -0.038371 2.166645 3.420599 4.340652 0.122017 1.299298 0.121841 
代表 2.270110 -1.134807 0.816053 -1.765547 0.744168 1.591188 0.330883 0.459456 0.283153 -0.684532 2.275158 0.046299 -0.680305 -1.821396 1.458516 -0.150534 1.231145 -1.932153 -0.004150 0.962207 -0.554072 0.950764 1.088323 1.540311 -0.453325 0.464801 0.737990 -1.077877 -0.480568 0.921153 0.258601 0.700596 1.094042 -1.790652 1.472344 -0.207004 1.427149 1.438317 -1.220358 4.813710 -1.107253 0.323743 -1.963902 0.804716 1.904025 2.109345 0.239768 0.586410 0.809025 1.607772 
09 -0.508370 0.874060 -0.340541 0.768836 -1.746601 -3.955847 2.749859 1.687699 -1.241335 4.376907 -2.044978 2.401775 -0.732469 0.326823 -2.540142 0.860889 -1.776796 1.201929 0.173341 -3.380312 -0.254599 0.142681 2.119545 0.765249 1.166366 0.467600 -1.745692 -2.067035 1.027210 1.250775 -1.458878 -1.727061 1.019643 0.418643 2.795532 -1.809687 4.878004 1.671606 1.963305 -1.405940 1.640064 -3.238061 0.008483 -3.932989 -1.772300 0.553744 -0.092418 -0.350425 0.954873 -1.142067 
08 0.711725 -1.967104 2.693128 -0.809787 -1.383363 -4.679889 1.818697 0.940042 2.313066 2.569808 -0.419309 3.894585 1.772191 -3.233862 -0.095227 1.818819 0.178459 0.687543 -2.431758 -1.381081 4.083878 -1.101493 -1.635410 -1.643306 0.249466 1.378983 -3.133492 -2.134829 2.651504 1.983754 0.702462 -0.723748 -1.113930 -0.933747 -0.342580 -4.298339 3.297153 2.381719 1.933213 -5.842619 0.942701 -1.206733 -0.640104 -2.180079 -3.148938 1.134268 -3.363314 -0.251229 -2.515540 1.582434 
<s>新 -3.916711 -0.658528 3.036851 -3.633011 3.788753 -2.079125 -0.330459 -0.336741 1.359600 -3.813425 -2.678377 0.807129 -0.444179 2.000824 1.966377 2.287863 4.176450 -1.599120 1.493033 0.273048 2.039108 -1.088872 -1.989915 -6.488266 5.116705 4.807807 -0.148543 2.243641 1.214281 -0.375966 1.446286 -1.210236 1.346876 -2.762578 -0.440424 -0.926209 0.470520 1.369586 5.734269 0.291293 -0.521493 3.022037 0.628005 -3.735222 0.776145 -4.106116 -0.719465 -0.059347 -0.402859 -0.744834 
进行 -0.648896 -2.022852 1.075466 0.526876 1.005115 -0.128758 1.779123 1.938357 -3.576484 -2.082094 3.519374 -1.365353 0.331968 0.117204 2.061431 1.834234 -1.541702 -1.177165 -0.040320 0.457777 0.252137 -0.082028 -2.521178 -0.952762 0.990385 -0.531955 0.027373 0.572999 1.935247 -2.753314 -0.568637 0.878152 -0.536097 2.353291 -0.294188 2.266996 0.245207 2.427347 -0.467700 -0.493706 -4.289523 1.181797 -0.160624 -1.645840 -1.097332 3.177999 0.322018 -1.012480 -1.425967 -0.134343 
。” -2.194777 -0.596702 3.009499 1.332254 1.725455 1.399224 1.650046 1.737026 -1.474020 -1.546798 -0.342577 0.208074 1.058498 0.480065 -1.217262 2.168927 1.108245 -0.599615 -3.117868 0.652116 -0.113196 0.021747 -1.620956 -1.030433 1.223608 2.467655 -0.295643 -1.518171 -2.170892 -2.162544 -0.223193 0.725452 -0.415128 -1.041968 -0.693146 -0.517992 -2.506540 -1.556779 -2.156706 -3.921983 3.021239 -3.610516 0.523616 -1.955821 0.827508 0.016189 -0.679712 -1.378206 0.342936 0.641463 
- -1.482348 2.638005 -0.425984 2.774314 -2.326677 -6.323665 1.622574 0.840390 -4.685103 -2.328807 2.308430 -1.585069 -0.063187 2.629804 0.596696 -0.617926 2.635909 -0.240970 3.477351 0.921229 -0.080689 2.806347 0.608597 0.849349 1.858955 0.903215 -6.601657 -0.593692 3.893133 -2.313677 0.522023 0.478173 -2.440542 -3.926819 -0.681766 -3.636836 6.281426 -1.836660 5.425690 1.354704 0.699613 -0.381349 1.151082 -0.701707 2.254481 -1.287926 0.746456 2.963279 -2.099678 -2.808173 
,並 1.037386 3.550937 -2.896267 0.041390 2.761495 2.448178 -1.214135 1.360811 2.583037 4.163619 0.626210 0.853581 -2.076755 0.007796 2.609449 0.827126 -1.590970 -0.071954 1.541986 -3.554004 0.080582 -2.235055 1.813148 -0.096501 0.650380 -1.968663 2.038355 0.135701 0.623731 -3.041272 3.945065 -1.913938 -1.074420 -1.196438 -2.577102 1.874693 0.597355 -3.490147 -1.392402 1.048752 5.477290 -1.902709 -1.661286 0.686717 1.082864 -1.458037 0.774664 -0.988684 1.712032 -6.649112 
日本 -0.736969 1.457852 0.705514 1.385964 1.253741 2.647839 -1.314801 0.147772 1.995274 2.053504 -1.286961 1.642260 -1.726263 -2.704105 0.857973 -1.187726 2.525195 -1.137729 0.715036 -0.840385 0.322394 3.007652 1.116611 -1.940032 -0.583226 -3.074367 -0.987418 3.377708 -1.370384 -2.133111 -3.393889 -0.312919 0.580143 -0.456178 3.851039 -1.944507 1.140852 1.170843 0.057049 1.825726 0.983041 -0.768280 -3.265623 -2.703043 4.167696 1.904667 0.605558 -3.204493 -4.246321 -0.076163 
研究 0.157733 0.467101 -1.225195 0.585578 0.037271 1.220862 -3.254259 -2.413016 0.253803 -0.615247 1.559844 -0.383928 -1.073936 -0.732959 -2.116984 4.378832 0.974620 0.934403 0.719140 -1.047081 1.325191 0.286122 -0.763365 -3.211607 -0.608317 -1.232575 0.299450 -1.579360 -2.158232 0.394795 -1.022349 0.021661 1.613457 -0.566055 -0.899691 2.056925 2.534379 -0.302506 1.042648 -0.388891 -2.172777 0.870932 -1.192006 -0.119124 -0.600576 -1.166236 -0.394081 -2.539589 0.667177 0.645262 
第一 -0.858782 -2.316155 -1.022388 2.963542 -0.475763 2.007187 -1.815198 0.064996 -1.993628 0.368344 1.359475 1.235536 -1.090541 2.509626 -1.994397 -1.299178 2.911802 4.181126 1.319856 -3.364808 1.353708 -1.438712 0.671145 3.061190 -1.210574 0.170219 0.565613 1.818940 -4.440248 0.079538 -1.283474 -1.419937 -1.083773 -0.757090 1.725276 -0.294197 5.293868 -2.180319 -2.052336 -5.131759 2.847274 0.025597 1.627365 0.749214 1.165051 0.965890 -1.726359 2.252856 1.700877 0.345292 
美元 -1.829720 -0.154870 1.568763 1.306117 -0.779824 -1.108526 0.972560 -1.125448 -2.611942 -0.105244 0.682318 1.542306 1.845742 -0.702898 3.248143 -0.931187 -2.309120 -2.632030 -3.205924 2.714408 0.393653 2.089143 -0.854989 1.826843 1.900591 -1.382060 2.045905 2.067538 0.877422 1.643300 1.397694 -1.156174 3.226162 0.626451 1.669150 -2.398278 1.360330 0.973834 -0.308726 -1.548606 1.236043 -0.351855 -0.011890 -1.090392 3.005739 0.750621 1.162419 1.723495 -0.178209 -3.096715 
可以 -1.616498 1.257657 2.483923 -1.939659 0.476828 -0.274966 1.001060 -1.961993 -5.521623 -4.609396 0.311472 -3.328118 -0.336844 0.435681 0.873650 0.349018 -3.066132 -4.034463 -1.527962 1.568808 0.729345 1.069388 -1.154355 -2.972588 2.981984 -0.120512 -0.970980 1.833436 -2.570316 -0.173059 -3.986557 0.282401 1.280797 2.429716 -2.745254 -0.889005 -2.077967 2.979021 -0.200717 2.543214 2.006087 -1.827094 1.269870 -1.071900 1.630511 -2.079127 0.087232 2.078615 1.417863 0.210483 
我们 -0.530306 -0.793774 0.376579 0.739431 -1.030380 2.676323 1.042149 1.795274 0.574880 -1.512615 -0.911875 -0.900775 -0.868025 0.550760 -0.635510 2.350984 1.922293 -2.718956 -1.426658 -1.276175 -2.971173 1.914533 -0.915619 -2.173375 -2.103136 1.293065 1.060764 1.454264 -0.615092 -0.504930 0.251801 1.936754 -1.197370 -1.435098 1.980098 -0.988082 -2.894573 -2.244567 -0.695202 -1.198770 -0.086171 -1.621337 0.373723 1.660771 -1.644028 2.117744 1.212812 0.092228 0.242073 -2.889848 
十一 1.568462 -1.972188 4.833313 -0.219061 5.196698 -0.842596 -1.003259 -5.610782 -2.940509 0.479379 0.328976 0.394600 -3.183159 0.811275 -2.641470 -1.309330 -2.441290 0.931848 2.899057 -3.275362 0.871692 -3.924797 0.424814 5.979978 -3.024623 2.652075 -1.668748 4.139141 -2.979848 3.138095 1.867189 -0.048470 -2.902366 0.256882 -2.153759 -6.310580 3.052975 3.917370 -4.123194 0.706077 0.565638 -1.357958 -0.382708 1.724889 1.107596 -2.614929 3.263397 3.292751 5.685025 -0.355885 
社会 -1.173564 -1.332456 0.120970 1.461446 -3.636235 0.177137 1.407865 2.128007 1.999575 -1.694098 1.975406 1.421936 -1.736939 -0.574629 1.145158 3.442905 0.993189 0.589981 -0.627887 0.460453 0.602400 -0.643889 0.998238 -0.562105 -1.325622 1.357903 0.460962 0.915551 -0.131719 0.515879 -1.198261 1.918715 0.577353 -2.977281 1.116096 0.945973 0.865069 0.362356 1.076682 0.907975 0.572437 -2.697478 -0.021474 -0.186119 -0.985031 -0.024706 4.004210 -2.195426 0.426039 0.253271 
,因 -2.934076 -0.395589 -5.718904 1.327341 1.257100 -1.433806 1.180734 1.603257 -2.001733 -2.510393 -5.561797 2.153149 -1.591392 -2.199306 -2.189472 1.909519 1.556434 -3.292179 1.589278 -2.310734 -6.424138 -0.568277 2.150313 -3.095363 -0.072375 -1.791378 1.087256 -0.180418 -2.543700 3.394746 0.921375 -4.473265 -4.578543 -1.195368 2.236750 -0.301221 -1.993358 -0.176717 -0.363917 3.913961 -1.436178 -1.126230 -0.351395 0.031421 2.652987 -4.134529 -0.991270 1.057543 -5.488212 -0.427164 
的一 0.555400 -7.281805 -5.338900 0.567413 2.519434 5.982784 -4.892659 -0.020055 -4.678881 1.811130 2.001337 -3.617379 -1.829060 -5.429280 1.654670 -4.251549 -1.120103 3.434947 1.996644 0.736234 -3.662422 -2.371920 -4.211933 5.003148 0.818992 3.907025 0.604436 4.753173 -7.908478 6.404283 -3.742085 4.549220 -1.177568 0.531973 0.340153 -6.299825 2.447271 2.891459 1.312860 -2.112159 -1.860946 -0.647244 -6.079868 -2.035080 0.602756 -4.441502 3.059229 0.597032 8.403994 -2.632511 
經濟 -0.950053 0.935086 1.218485 1.564586 -0.618419 1.306759 -1.147560 -4.015392 -2.191683 1.444366 -0.865216 -0.325151 -0.409974 0.726375 -2.673583 -0.037851 0.254048 0.754114 1.872344 1.407857 1.452104 -1.304004 3.320041 0.474742 -0.290639 -2.114545 0.873464 -1.958580 2.197817 1.565889 1.296035 1.640869 1.957476 -0.527843 -1.636202 1.683334 0.857326 0.178981 1.743436 -0.722756 0.692669 1.098381 -2.610890 -1.428893 2.614546 1.260853 -2.129278 -2.857981 0.574048 -0.695632 
合作 2.702997 -1.870810 -0.167666 2.209358 1.062408 1.465500 -0.757362 -2.301486 -0.252931 0.045881 3.138455 -2.374010 -3.543690 0.569801 -0.899019 -0.537979 -1.831231 1.862399 1.584231 1.337909 0.949285 -2.900742 -1.701224 -3.908311 2.113379 -0.213479 2.283375 1.697814 -0.666501 -0.101734 -2.972227 2.179584 3.416972 -0.889040 -1.149683 -1.666850 2.675266 2.667907 0.380920 -0.927893 -1.075474 0.139525 -3.119375 0.533784 3.296188 0.505705 -0.039568 -0.648669 -2.274664 -0.473516 
外, -0.291052 0.368917 -0.871000 -0.749721 -1.621203 -1.419444 -0.291530 -6.323517 -2.687777 2.156805 -1.565020 -1.083861 -3.505554 2.575656 1.153012 0.914758 -1.016465 1.963564 -0.802520 1.117960 7.449157 -0.688560 -2.293299 1.022297 1.993057 1.531942 -0.700749 2.257114 -1.301728 -4.423057 -2.900001 -4.586480 -4.938938 -0.978388 2.111825 -3.468743 -2.230583 4.109475 4.864428 0.642467 4.818280 -2.327461 1.780261 2.011452 3.608922 1.113197 2.406595 -6.855346 0.752855 1.717130 
后, -2.590043 2.579563 -1.285044 -6.525796 -0.110652 2.944049 2.508191 2.583628 -7.079879 1.551166 -0.443981 -0.189620 -2.412199 1.642821 0.007747 -0.208337 -1.362582 -1.617329 -2.408862 -1.305787 5.152667 2.338518 0.167480 1.585220 1.811664 5.805315 0.524594 -2.537948 -5.025882 -3.043887 -4.291680 -1.213157 -3.748186 2.268477 3.110116 1.024276 4.336701 2.049526 1.127057 -4.650055 -0.712054 1.930984 2.545065 -3.162874 1.337999 4.398646 -0.212080 -3.549141 1.727922 -2.992185 
大陸 0.941753 0.721075 -1.588656 -1.651146 0.213136 -1.820462 -0.107279 -0.719809 -1.074141 -2.131529 -2.655526 0.744881 1.469746 0.426356 0.961128 -1.377372 4.246433 -1.851198 2.479423 3.689696 0.949358 -2.619557 2.134307 0.005993 0.094392 -4.711665 -0.398800 -3.437011 0.016141 1.328668 1.641822 -2.354481 0.555755 0.547809 -0.143522 -0.312876 4.762492 1.418626 -0.889745 -1.046923 -2.051757 1.457417 -3.061530 -2.578398 4.747694 0.115400 -1.396547 0.540508 -0.711062 -2.234395 
教育 0.775083 0.662593 -1.648995 0.638565 -0.284929 0.422345 0.064297 -0.934081 -0.524776 -2.142573 0.638952 0.067474 -1.139874 -0.018599 -1.074857 3.588280 1.874369 0.361742 -0.285616 -0.539907 -1.162916 0.572223 1.224764 -1.927292 -0.990638 -0.988504 -0.998458 1.082137 0.096810 -1.060401 0.548163 0.724172 0.765052 -1.026049 -1.234914 0.272287 1.023522 -0.641315 1.085003 1.706603 0.266778 -2.151107 0.134447 0.793022 -1.986557 -0.595291 -0.323918 -1.137045 3.489006 -0.438313 
希望 -0.177214 0.517944 -0.093368 -0.299653 -2.117495 -0.620609 -0.536525 0.293271 1.902213 0.092086 0.876290 -1.550900 -2.069770 -0.477366 -1.625330 1.778174 1.610857 -0.243685 -0.224807 0.491814 0.120525 -1.835232 0.354418 -2.577402 1.460061 0.224288 0.726611 0.543394 0.587023 0.295961 -0.356330 0.771066 -2.208274 -0.509423 -0.702694 -2.228400 -1.761878 0.390128 0.547381 0.782002 2.240839 0.463992 -2.314487 -0.880787 0.696417 1.664459 -4.251103 0.288273 0.530802 -1.527281 
三十 1.502721 0.009657 -2.582334 0.593597 1.009678 3.746428 -1.113594 -1.027679 0.406729 -0.594591 1.232607 -1.269667 -1.239674 -3.178409 6.259479 0.065623 -1.161163 1.811930 1.439681 1.429743 -3.010596 -0.571680 0.801376 5.930549 -0.915905 0.527763 -2.697825 -1.022641 1.266520 1.859347 3.460394 -1.003652 -0.133341 -1.606164 -3.025985 2.052608 3.263887 -3.027385 -3.333478 -6.118236 -0.413641 4.422811 0.250190 2.561582 3.299671 1.605476 -1.884738 3.788556 1.657393 -0.292725 
,其 0.931693 -7.452040 1.053630 -3.186608 5.299087 -5.968524 -2.970807 1.811628 -1.729320 -0.465572 -0.569699 4.347232 2.098908 2.207482 -0.986544 1.003336 -2.787720 -2.867915 0.115058 -4.088299 5.680848 -4.402750 3.277530 2.087712 0.844247 2.421159 0.118056 -4.400328 -0.776030 4.767653 3.895025 -2.454021 -0.718811 2.144539 -0.324547 -0.656869 -1.488792 -1.574440 0.470463 0.933361 -2.126965 0.515055 -1.713655 4.151980 -3.313028 -6.807450 5.000705 0.355370 -2.768608 -1.389240 
0年 -1.550889 0.411368 0.426948 -3.548505 -0.421889 2.312020 3.124437 0.933567 3.201822 -0.202488 1.474021 -0.818298 0.132631 -0.220382 -2.516668 2.486935 0.134558 -5.839607 -0.588123 -3.933869 -1.659712 2.216879 -4.329551 0.348215 -1.268587 -3.654974 2.132079 -1.824493 0.599931 -2.207497 -0.808222 -3.061046 -1.200380 1.081137 -1.709197 -6.635839 6.153782 -1.843469 1.669218 -2.913092 4.577503 -2.337921 1.377486 -5.500795 -0.495752 -1.520872 -2.234273 -2.938536 3.027231 1.950313 
方面 -1.739186 5.032394 -1.000347 2.172576 -3.114324 3.349160 1.576837 0.520538 -1.492936 -0.837458 2.893870 -3.426560 -0.305029 4.051116 -0.814192 1.727197 1.316643 -0.403530 -2.925524 1.228804 -3.524940 -1.087143 -0.510955 -0.180667 1.597088 -0.679087 1.536968 1.976720 -0.162763 2.007081 -3.042039 -0.887774 2.919464 -1.190053 -3.764652 -1.556523 3.907971 0.983402 0.590512 -0.492554 -0.029925 3.364423 1.628380 -1.758000 -3.115704 1.269278 -2.465160 -1.135706 -0.596589 1.613095 
要求 -1.217588 -0.593221 0.078288 -2.193914 2.361889 0.417378 0.726447 4.134497 1.928117 -1.676279 3.323222 0.473428 0.571295 2.643610 -1.984319 1.725290 1.005077 -4.302525 -2.362609 0.773657 -1.427603 0.202804 0.351590 0.651971 1.625990 -0.766222 -1.475850 1.797357 1.248304 1.989124 -1.138339 -2.199063 -4.954633 1.120367 -3.455604 0.526875 2.809226 3.045092 1.539991 2.856160 0.549380 -1.967275 -0.736591 0.053778 0.295282 0.795494 -2.312771 1.020558 -1.483648 1.241822 
新华 1.381696 1.505344 0.028487 0.455846 -0.004269 -0.133266 1.801052 -0.311272 -0.461360 1.456773 3.244687 -2.194080 0.962929 2.574571 0.514036 -0.895155 4.743562 0.971988 0.150007 0.847334 -0.236128 -1.757043 -1.980063 0.113757 -1.907090 0.162553 -1.750736 2.302081 -0.162838 -0.397988 4.306394 -2.537236 2.921136 -3.200572 -1.977462 -3.761564 -1.074568 -1.094715 3.482633 2.458299 -3.293277 -1.561426 1.935294 -4.737431 2.529970 4.135313 -0.120371 2.271997 1.405486 -1.387238 
管理 2.165395 -1.666909 -0.274364 0.325561 0.027523 2.120188 1.773556 0.151885 0.169071 -0.731305 2.657447 0.993738 1.387864 2.398058 0.376214 1.018072 -0.969059 0.178085 2.619055 -0.332536 0.496753 0.766491 0.682171 -0.310912 0.860181 0.443060 -0.428291 1.929586 2.313295 0.307713 0.897720 -0.526347 0.719485 -3.841361 -3.731489 4.287323 2.350751 0.495286 1.728319 0.683220 -1.074586 -2.913117 -1.164936 -1.275088 1.950241 1.327416 1.774438 -0.625936 -3.657038 -0.875340 
行政 -0.861802 2.883349 1.940815 0.062265 1.499963 1.944729 0.372078 1.139058 2.018866 -1.045571 0.781118 0.879037 0.928734 1.783096 1.735718 2.013647 0.329774 1.042095 0.552513 -2.661984 -0.233781 -2.045006 0.198093 1.227300 1.478609 0.987659 1.345091 2.992858 -0.417294 2.402013 0.300710 5.614467 -2.395588 0.147393 -5.734524 -0.463379 4.368966 -1.257158 1.350905 0.217579 0.506655 -0.001608 -1.031140 -0.216933 -0.874553 2.886888 1.993669 -3.228127 2.187130 -1.120338 
15 0.375685 1.348877 1.722618 2.139571 -3.544288 -0.893101 0.072090 1.613005 2.067545 0.265795 -2.819400 1.051414 3.174128 0.471360 2.345337 -0.579347 2.055752 0.930068 -2.519176 -4.441718 1.094720 2.892327 -3.089256 -0.879877 -0.292099 1.393713 0.433671 2.122485 -3.210803 3.243499 -2.513967 -5.042633 -0.230542 -2.802021 1.076735 -1.607319 0.789678 -3.761010 2.936669 -3.941796 2.577554 -1.390032 0.002531 -2.886084 1.769310 1.283658 0.600831 0.199669 -2.473498 1.846256 
十五 1.170954 -0.151058 0.137125 3.466859 -1.353740 -0.442158 0.680706 -2.900977 -0.733599 0.017695 0.262786 1.194820 -0.997370 -1.698218 -1.728332 -0.161600 -1.062337 3.152537 -4.684750 -3.095841 2.790438 -3.660319 -1.003224 0.927327 -3.463534 1.754754 -3.023335 -0.408695 0.678950 0.667664 1.144490 -7.658685 -3.375853 2.254350 0.978319 -3.900697 1.203449 -1.724125 0.975778 1.111432 0.575071 -0.466403 0.148817 1.388344 1.233169 -1.162248 2.103311 -0.084421 -0.393289 6.511668 
後, 1.168073 4.274389 -1.124845 -3.542180 1.256526 0.264898 -1.249132 -0.669967 -1.691565 2.384364 -1.144823 3.174513 -2.219077 -2.295197 2.280892 -2.723153 -1.434846 0.484319 0.691840 2.034342 6.765731 2.121150 4.197191 2.727726 -0.697576 1.851521 0.212802 -1.301441 -2.836192 -3.802734 -1.040706 -3.062320 -4.232183 2.885700 -0.609960 4.263675 3.531771 0.858504 -3.247296 -1.104641 1.513550 0.972680 -2.071433 0.319583 3.325336 4.474993 -2.325695 -2.611485 4.753854 -6.757256 
去年 -1.361693 0.831719 -1.391572 -2.418426 1.199824 -0.322247 -0.978611 1.921485 -0.408170 2.379903 -1.061852 0.270600 2.278225 -0.341472 0.572714 3.819858 3.703492 -2.067385 2.092811 0.606610 2.934688 1.089851 -0.536809 1.622836 1.352386 -0.546177 4.373151 0.846349 1.181209 -1.148823 1.289400 -0.332992 -0.672341 1.998558 0.506237 -0.142940 1.448751 -1.745538 2.630929 -2.143608 0.714762 4.497943 1.031818 -2.403874 0.924413 -0.506349 0.438722 -0.280518 -0.580429 1.466990 
十二 3.033427 0.857859 -0.737531 -0.647497 2.933884 -1.014303 -0.753860 -0.018367 -0.324387 0.885629 -0.048730 1.052415 0.675190 -0.210807 1.481894 0.749934 -0.561412 -1.160772 -1.284393 -0.555322 -0.022709 -1.572789 0.679162 2.470927 -0.034657 -0.710863 -0.916059 0.446703 4.024815 2.280835 0.616054 0.395220 -0.201166 2.496856 0.499310 -0.405018 1.637020 0.151921 -1.105800 -1.260509 -1.782687 1.648607 1.327216 1.220367 -0.072330 0.838929 -1.946959 0.711974 0.367749 1.464893 
政策 1.001159 0.017609 2.351702 1.321755 -4.513693 1.361946 -0.768639 0.523992 1.496130 -0.154268 -1.468852 0.535965 -2.768802 3.775190 0.252692 -0.703027 0.259060 -3.194224 -0.564171 1.753382 -3.121987 1.261316 1.843905 -1.157227 1.203589 0.624178 1.442132 3.340604 1.317485 2.052674 1.410492 -0.232429 -1.488050 0.152609 -1.571482 0.163961 3.509568 1.433604 3.988427 1.170510 -2.104149 0.627234 -1.418149 -1.890404 0.597373 0.945356 1.644287 0.151899 0.007442 -2.709267 
国际 -1.376141 -2.827004 -0.087100 3.915525 0.606582 -0.630401 -0.249213 1.949592 -1.084196 -2.247394 1.249636 3.013439 -2.875981 -3.936295 4.073717 0.589397 1.023093 -2.418267 -0.199534 -0.034667 1.243857 -1.735047 2.244890 -1.166445 -0.298302 0.200964 1.105512 0.602995 -0.886431 -1.571932 0.506600 2.127234 2.460363 -3.545984 -0.066193 2.990209 0.395202 -0.150994 -1.169883 -0.044859 -3.214498 -0.411184 0.700317 -3.414798 -0.202782 0.844631 -1.783155 -0.230050 -0.439772 2.828757 
,有 2.525436 -0.375255 -0.232159 2.244893 -1.593068 -8.884864 2.845368 0.241349 -0.900249 -6.057914 1.789706 -3.965838 2.363942 -3.337068 -0.534956 2.515451 -3.061261 1.905019 -3.497088 -3.727067 -2.458215 -6.333267 -1.143641 -8.655197 -1.952408 -1.857294 -7.524400 -0.650490 3.455088 6.940478 -2.921085 4.348920 -0.028926 3.656729 2.215555 -1.957965 -7.144604 2.149416 0.622278 0.987987 -3.717348 -4.536885 -1.059293 -1.849515 -0.529273 -4.491561 1.365785 3.991111 -6.819134 2.909832 
中心 -2.793615 3.748224 2.199378 -1.021712 -3.677301 -0.983669 -1.903509 0.390895 1.864960 2.913245 0.054966 -2.648126 -2.553785 2.736547 -0.321028 2.156676 -1.315794 -0.157196 2.149938 -4.695244 -1.420931 -5.656278 -2.764588 -3.970711 3.101987 -0.561856 0.594124 -2.001770 -0.088477 0.965606 0.901101 -2.015711 -4.722483 -3.522071 -2.936647 -1.024125 1.661139 -0.952267 3.355455 5.599836 -0.096004 -2.256223 4.121740 -2.012680 0.355765 -1.654960 2.566091 -1.903804 4.087512 2.404083 
华社 -0.243466 1.703957 -1.939577 0.320911 1.758529 -1.577552 1.180832 0.608914 0.234372 2.106304 2.962780 -4.069218 2.085538 2.874583 1.183567 -0.137797 6.681589 1.117374 0.700857 -0.439093 -1.187871 -2.070528 -2.954385 -1.425664 -1.430232 3.004277 -1.725274 0.759981 0.945266 -0.546115 4.621496 -5.611485 1.518590 -3.469832 -1.019105 -5.157755 1.471267 -0.213651 2.523387 0.878686 -1.685378 -1.210192 -0.161863 -6.959993 1.980645 6.569722 -0.417634 4.518077 -0.942699 -1.569690 
,我 0.461170 -2.166600 -3.261494 2.530026 0.050199 -0.894210 3.651694 3.326780 0.737598 -1.950748 -3.732286 -4.040697 -3.131036 -4.905528 -2.604696 2.684426 0.647285 -2.567726 0.517510 -3.324334 -7.441144 -2.521761 -0.131898 -3.466018 4.182536 -4.044446 -8.177094 -0.411023 -0.195929 -6.790009 -0.966023 2.136473 0.810927 -0.655505 2.598814 -0.470648 -0.944666 -4.078333 -0.581627 -5.190428 -1.218196 -0.601715 -3.365115 -3.310222 -0.762735 0.739068 -0.337058 0.255063 -5.482876 -2.448211 
没有 -1.096385 0.511283 -0.842994 1.750479 -2.285244 -0.032816 1.625402 0.551132 -4.478796 -0.757234 2.732733 0.813731 -1.493412 -0.004823 -1.572617 -0.258747 -4.333141 0.070838 -2.302634 3.227791 -0.425902 -1.670414 -4.237328 -1.905443 -2.123289 1.352391 -6.211680 -2.862446 -2.411931 -1.592483 0.066709 1.450547 -0.323173 2.977304 3.617833 -1.712749 -4.158351 1.238361 -2.433846 0.101664 0.278112 -4.086332 0.881144 -2.476426 -1.674803 0.484287 0.968488 3.270257 -1.359847 1.679859 
人, -3.091115 6.940485 -4.013401 -3.528260 2.772894 -0.910580 3.491949 -7.355568 -0.668272 -4.069030 0.382597 -1.302848 -4.181304 -0.536998 3.346884 -5.130315 -0.035125 1.020046 -3.014358 1.315648 4.033742 6.674659 -1.512056 -0.509538 2.949476 6.722157 3.992944 -1.689752 -4.129692 5.919279 -2.573394 0.472148 -0.481584 3.943029 0.332840 -2.314136 6.881392 -0.582136 1.343333 -0.950902 0.881425 3.773066 3.816880 5.452260 -4.001534 4.848090 -2.263602 -1.759817 2.123461 -1.240774 
他们 -1.010100 -2.182341 -2.412699 -0.835536 1.701146 0.024756 4.648134 3.977509 -1.319918 -3.077428 -1.996288 -2.450632 -5.860568 -4.712533 -2.092988 0.827600 0.464803 -1.864790 0.934250 -2.808946 -1.710642 -0.739507 -1.409098 0.314995 2.424366 1.346839 -8.799279 -1.538662 -2.354156 -4.641653 1.410936 1.120065 1.354277 0.792855 2.385111 -0.005268 -0.906221 -3.466621 -2.290773 -1.383184 -0.888278 -4.024096 -2.029806 1.392871 -2.707001 3.956531 0.457636 0.921109 -1.652857 -2.365124 
,并 -3.598636 -3.216450 -4.757679 1.283875 3.730241 0.189687 -2.586580 1.459439 0.964181 3.381466 4.593794 2.550874 -3.227426 0.026014 0.553677 0.268459 -3.361920 -0.542181 -0.776993 -5.524058 -2.905044 -3.356951 1.063712 -2.005534 -0.502416 -1.889519 3.446758 -0.895517 -0.544185 -4.047047 6.217828 -0.560266 -5.065325 0.286307 0.764073 0.307388 -0.061094 -0.665034 -2.844677 2.194735 6.062047 -6.677306 -2.712575 -2.034984 -0.709609 1.463037 3.689226 -0.418384 -1.309412 -1.083605 
自己 2.597418 0.368081 0.281983 1.368091 -1.203600 2.310603 1.919661 2.003410 -3.143608 -1.599439 0.538151 0.423923 1.241367 0.478938 -3.846487 3.406473 -0.526728 0.091983 -0.680471 1.719627 0.881281 -0.579092 0.895810 2.233301 -3.948115 1.159904 1.103958 -0.981067 -1.799878 -1.538975 -2.097735 -1.292274 -0.304787 0.909764 4.093809 -0.825469 -1.632634 -1.232232 -0.831598 1.888731 1.901270 -1.286462 -1.311528 -0.735419 -2.627104 1.815531 1.021512 2.251572 -0.232933 -5.253954 
安全 1.179973 -0.137660 -0.961786 -1.176195 0.708669 -0.157002 -1.559707 1.859971 -0.765576 -1.231023 -0.114582 2.306744 -2.636619 1.534197 -2.487973 1.007378 2.262100 -2.229493 1.782127 -1.668251 1.693674 3.159173 1.316107 0.037476 -0.379562 2.022219 0.908904 -0.638601 -0.041753 -0.585221 -1.017135 -0.580506 -0.771322 -1.673988 0.817982 4.167604 -1.941233 0.893465 5.724264 3.650596 -2.150478 0.138970 1.455605 -0.777322 -0.612524 0.664285 -0.615759 -1.390500 -2.732879 -4.949458 
,今 -0.456927 -1.874964 -1.487903 -3.412536 5.297538 5.750924 0.185972 5.679343 3.665459 1.687632 -4.015677 -1.721719 0.237149 -3.082261 0.046242 6.216477 2.623716 -8.926165 3.121934 -6.712701 -5.878224 -2.742961 3.004111 2.882128 -2.283954 -4.981870 3.795806 -2.246730 1.415591 -1.000203 3.249218 -4.246054 -3.217440 0.592621 -3.537675 -4.116140 0.907849 -5.247952 1.010849 1.204147 4.356684 -1.496854 0.766780 -3.269630 0.511355 -3.261621 -4.947200 -1.374079 -1.460312 1.070480 
文化 2.073702 0.050970 1.378105 1.211529 -0.493364 1.094035 1.273301 -4.399243 0.906196 -2.881669 0.617972 -2.882291 -1.252662 -0.680611 0.985906 0.153859 2.393092 0.691270 0.297940 -1.047959 -2.876970 0.546530 0.445664 -2.628810 2.533915 -1.662708 4.429855 -1.172874 1.195401 0.676539 1.982193 3.211536 4.027877 -5.206081 -0.045231 -0.839583 0.434374 2.174999 1.085174 -0.694153 1.029773 -0.482666 -0.008896 -2.209505 0.442748 -2.966138 1.952830 -1.236263 3.597271 -1.364319 
时, -1.308755 2.079975 5.285741 -2.116055 0.536578 2.540634 3.040712 -5.640762 -3.145873 1.707845 0.706285 -1.601288 -2.372702 -0.740817 2.215964 -3.335526 -4.029105 5.511522 -4.950825 5.095427 -0.603208 0.879833 -4.901303 1.522905 -1.009296 3.462857 2.587223 -0.481048 -1.638621 -5.896419 0.310257 2.241134 -3.761721 -1.528604 -2.234200 0.965719 4.536491 2.825806 0.532007 -6.227190 -0.028554 -2.248326 4.146537 -1.039068 -0.774354 3.901685 -2.758864 -0.902037 4.019955 1.471370 
建设 0.554696 0.110074 1.089729 1.413361 -2.458273 1.452550 -1.161715 0.608430 0.917226 -2.800643 4.087254 -1.066489 -1.575119 -0.867340 -0.818091 0.144542 0.087802 -1.215219 -1.530815 -0.977538 -1.035621 0.169860 1.093421 0.865081 -0.766743 3.334427 2.087901 1.347162 1.205751 0.158071 0.388137 0.092668 3.730854 0.718782 0.795756 1.290321 2.304844 0.287449 1.358178 -3.672295 -3.438377 -2.316235 2.417404 -0.775049 -0.313330 -0.923485 2.423566 0.921123 0.819359 -1.383491 
包括 -0.408589 -1.153245 -1.766022 -1.611610 -1.891134 0.353254 -0.394972 -3.266624 0.462680 0.112737 2.968564 3.728421 2.102581 1.606566 1.729416 -1.086778 0.863918 2.065402 1.253591 -0.001270 -2.964495 -0.369831 0.648229 1.329209 -3.304111 0.586030 1.002755 0.200667 -0.439631 0.133471 1.891917 -4.067697 3.501330 0.927730 2.148893 4.918823 4.659679 -1.930319 2.219460 2.861896 -0.760536 4.503727 -0.581786 0.049323 -1.854934 -2.738412 1.064313 4.068440 0.159124 4.619894 
”, 2.788389 0.111725 -2.679901 0.279899 -4.805102 3.151796 2.749915 -1.029737 -0.801463 2.274233 3.482151 -2.660395 -1.303516 2.854500 -1.906440 -4.547776 0.220789 -0.254122 -0.091241 5.729396 6.272614 7.253778 0.622438 0.923607 -0.193046 5.236772 0.644608 5.697094 1.632483 0.515375 0.950134 0.756307 -0.545524 1.361850 3.315625 -2.074542 0.600785 3.773903 -2.548911 0.072481 -1.120988 1.349121 5.187299 -0.492257 -3.124413 0.125769 0.648292 1.864560 2.929066 0.528427 
主要 -1.188506 0.647963 4.375781 0.384050 -1.817416 6.201048 -0.344065 -3.827296 -1.309005 0.534113 -5.002385 4.078531 -0.786948 -0.910739 1.830104 2.326031 -2.443248 3.971478 -3.143293 -1.722925 1.818218 -1.846037 1.774663 -3.334387 3.463979 4.397556 4.019625 -3.104624 0.507259 -2.226103 -1.873587 -1.735981 0.587185 -0.396894 2.576653 -1.766827 -1.337567 5.005518 1.733469 -2.772248 -2.857518 -0.213873 -3.469288 -3.224032 -1.380428 -3.649072 3.364175 -2.128669 -2.134596 3.300314 
50 -1.274228 -4.084199 -1.115617 -1.935088 3.223342 -1.670013 2.213273 0.134960 -1.899120 -1.282407 3.780200 -1.828066 2.589769 -2.336024 -0.179311 -1.103077 -6.162779 -2.520076 1.881246 4.057489 -0.120133 1.232261 1.245831 1.472186 0.511695 -3.489570 -0.495805 -0.737272 4.335537 0.846354 3.602671 0.177347 1.736268 1.802251 -1.012745 -3.052971 1.891271 0.973120 -1.710126 0.882218 -2.762516 0.432841 0.399692 0.578545 -0.034057 0.865732 -1.083174 -0.218535 1.604875 -3.655818 
07 -2.643123 -1.623392 4.431948 -0.930160 -1.577279 -1.045095 1.012229 0.207945 0.531724 3.511980 -2.162512 0.064906 -2.020983 -0.484560 0.113309 3.415694 -4.046490 1.248229 2.023614 -3.783920 2.979645 -2.799967 -4.354555 1.403145 -5.197584 0.345502 -0.048649 0.039403 0.473880 2.994477 -0.920887 -1.205713 -1.978803 -2.861111 -1.947390 -4.049296 3.519509 0.897812 -0.390985 -4.386205 1.358046 -1.838752 1.126633 -1.820963 -3.045664 0.930090 -0.009071 -1.156852 4.343937 -1.685202 
委員 1.960115 1.678652 2.611239 -0.966892 -0.713405 -0.988833 0.907477 0.397317 -2.563536 0.520964 -0.818629 1.987450 -1.058583 -0.675925 -0.712880 4.514596 -0.401131 -0.269284 -0.605842 -0.028530 -1.025908 0.419481 0.230518 -0.087155 0.057074 1.199363 -2.611642 -0.264295 1.737220 2.032036 -3.125989 1.264016 -0.941188 -1.410714 -0.268540 3.840891 2.398088 -2.719391 1.006450 4.172214 1.067743 1.592380 -3.873390 1.432417 0.873646 2.411600 -0.350647 -1.966455 1.927318 3.661393 
<s>“ -1.237517 -3.253017 -1.195427 -0.614710 1.459943 1.419882 3.726832 -2.386995 0.342130 -1.898363 0.645969 1.115237 -0.238639 -3.670848 -0.529496 -1.568233 3.382579 -3.376075 3.510873 -0.232388 1.060587 4.799252 2.921572 -2.406823 -0.409687 4.978315 -4.396720 1.765640 -0.218120 -0.396019 1.688135 -0.820472 -6.571281 1.954362 2.936309 2.070391 -5.494386 -2.118446 -2.892946 1.065324 0.087277 -5.225232 3.256502 -4.734977 3.016120 -3.284955 -0.432663 -1.606327 -1.623473 -3.838183 
時, 1.827057 5.016449 1.871948 0.459948 0.107521 0.278266 4.491140 -4.592927 -4.585392 1.535968 -4.269035 0.527635 0.010621 -3.294390 2.861371 -1.300017 1.095643 4.177039 -2.926644 7.370225 2.142585 -0.236470 -1.483501 -0.272128 0.061241 2.474153 2.227432 -0.962921 -3.292709 -4.222864 -0.666530 -0.204280 -3.291677 -0.398614 -2.965005 1.350252 3.844117 6.981860 -1.152478 -2.758597 1.654723 -0.309977 1.244597 0.065251 1.934032 1.604473 -2.530929 0.529019 8.844572 1.501759 
重要 1.679112 1.422869 -1.686188 3.302708 -2.086666 1.393376 0.583695 0.520949 0.632692 -3.807406 -0.944570 6.331117 -0.322427 -0.720056 -0.942618 4.198361 0.181585 -1.286703 -3.486572 -3.425814 0.642805 2.157999 -2.779492 -5.240019 0.783648 2.076513 3.038067 2.242943 -4.062240 -1.410475 -3.823799 -3.757639 -3.775437 -0.326553 2.046665 -1.355749 0.854829 1.948136 0.758683 -0.802804 2.052008 -0.450334 -3.083819 -1.077450 0.354723 -4.738613 2.151891 -3.468827 -0.815770 1.748059 
<s>这 0.801360 -1.599315 -0.698884 -0.407055 1.360078 0.532025 -1.208804 -5.806485 0.208214 2.989931 0.850864 0.360420 0.831013 -0.669295 -0.412437 -2.333073 2.411943 1.526496 0.095375 4.188241 -2.095040 4.913348 1.799039 -1.454697 -0.807707 0.884285 2.468215 0.707697 -1.813152 -1.452477 -0.379067 2.902382 -1.054972 -1.024525 4.189938 -1.096203 0.304200 -0.793734 -2.150648 1.108799 -4.706749 -1.477127 1.236999 -2.195449 -3.028181 3.449339 0.532132 0.431769 0.335105 2.156145 
國家 -0.929493 0.342531 -1.505100 2.491388 1.476279 1.819058 0.460576 -3.038938 -0.370897 -3.595242 -0.312081 4.382487 -3.087917 1.062782 -1.206523 -2.082484 -0.530164 -2.918526 2.773064 1.154783 -1.611289 -5.786736 1.460647 -1.002520 -2.956494 -3.725792 -2.340895 -5.676743 2.981049 0.316834 5.018215 -0.469341 1.120670 -0.074129 5.418966 2.222615 2.061343 2.744456 0.738837 1.384506 0.896239 0.962260 -3.857212 0.973485 -2.044924 1.640936 -1.361180 -2.147308 3.621326 -1.363683 
中共 0.952434 4.382976 4.953095 -0.710836 0.679596 1.948037 -1.734900 -4.474903 0.773659 0.082231 -0.582981 -4.239997 -2.717548 -6.545140 1.772464 2.968399 -1.296675 -5.988654 -1.852044 0.907164 -1.161653 -4.339472 -1.063688 1.359285 2.342880 -2.571147 0.626850 2.207773 -0.423163 2.098970 -0.203119 2.600808 -1.761384 -2.197098 -1.324673 0.206306 -1.731320 3.179581 -4.963953 3.233975 -3.113567 3.012941 -2.844357 -2.001375 1.101904 -1.735153 -0.835843 -2.140900 -2.948614 -2.408397 
」, 1.268005 6.449093 -0.533515 5.910460 -4.377754 2.718664 0.980857 -0.209686 4.544419 -1.094480 -2.448330 -0.647534 -2.131586 -2.600954 1.392767 -3.358983 1.426932 4.538676 2.776423 7.012569 7.363982 3.727211 -2.386758 -0.147414 0.041167 -0.379640 1.906465 3.734605 -3.092024 1.125148 -0.718349 -3.683923 -4.915714 -0.787926 0.562650 -0.025189 1.073246 2.216595 -1.267591 4.331903 1.066110 3.735898 1.467918 -0.904047 1.394444 2.334358 3.488993 -1.773381 4.596157 -1.349434 
,是 1.018991 -3.590217 5.253907 2.357230 -5.924948 0.126175 -7.628983 -5.750549 9.367798 -3.589315 -0.889820 -2.795847 -3.451613 -1.459081 -4.154679 3.572537 1.801464 -3.762871 3.658467 -5.128630 -6.471023 -4.085014 -2.842520 4.832905 6.191078 3.205813 -1.950405 -0.905329 3.105796 7.350830 -2.955344 -2.480943 3.924722 -0.946399 1.251882 -0.131872 -3.467038 -7.824212 -1.727041 -3.632344 0.652664 -0.942362 -1.116545 -3.702031 -4.057991 -3.699812 0.376990 3.710608 -8.231879 0.775947 
16 -1.960682 0.787778 2.371808 3.527256 -0.699822 -0.605598 1.493657 1.141169 2.668098 -1.983726 -1.758102 1.254776 -1.338345 -3.110548 3.033372 0.407433 -0.891567 -2.103579 3.494680 -0.498178 -3.291501 -0.552164 -6.750485 2.593872 -0.609966 1.087652 -0.735574 -3.243502 1.299859 2.785777 -3.934371 -0.763533 4.758642 -1.802418 2.063624 -2.058368 3.850556 0.599257 0.602214 -2.085292 3.387297 0.681287 0.352098 -3.533825 -3.348764 3.087279 -0.571829 0.287522 0.108180 2.805526 
0% 1.966137 -0.495146 1.686372 1.193221 -0.841860 -2.119479 1.965120 -1.200793 -1.109614 -3.222381 0.473942 -1.349621 0.697781 -0.880165 1.033046 0.203807 -2.208050 -0.195190 -1.706642 -0.935411 1.078948 2.793335 -0.574768 3.038470 -1.216056 -0.777203 -2.059005 -0.933269 0.180690 2.537153 -2.890335 -0.305275 -0.646177 1.004895 -1.959777 -5.760340 4.387494 -1.553165 4.255441 -1.898477 -0.214078 -2.414430 -1.132885 -4.216913 -0.014342 3.273871 3.718984 2.152984 -2.151663 4.072944 
<s>据 -2.366876 -0.765519 -0.126221 -4.720297 2.576633 1.870145 -1.333749 2.010514 -3.535242 3.376585 -0.137808 -1.875118 0.228175 2.223901 4.331447 1.916462 4.899680 1.365313 1.888952 -5.012942 1.456818 -0.476734 -3.483317 -3.335702 3.437167 -5.994200 -2.511117 -2.230187 -3.574927 3.832195 1.069792 0.969641 1.337328 1.449079 6.078547 0.783228 0.393238 1.261582 1.023326 0.126389 -4.915154 1.051299 3.491186 -6.533594 0.188061 3.140464 2.044796 -2.041126 0.474732 0.863116 
1月 -0.770369 0.361089 4.078558 -3.134331 -0.426161 -2.909481 -0.023933 1.779788 -0.084990 0.176122 -1.226768 -1.659077 1.284859 -3.293214 -0.327361 1.481635 0.610710 -0.011448 0.499364 -1.690756 0.715929 1.862850 -4.332691 -1.241048 -0.042196 1.627005 1.867115 0.286174 4.198098 2.888257 3.801163 1.658440 1.672653 2.946254 -0.952121 -3.207674 2.520897 -0.731012 0.256308 1.670884 -2.174090 2.824291 0.484103 -3.768281 -0.275093 5.164061 -0.161177 2.098405 -1.665104 0.211842 
問題 1.215166 1.571355 0.975070 0.012901 -0.491731 -1.578837 -1.603920 -1.416893 3.279183 0.588444 -3.748570 0.062210 -3.317994 2.728634 -1.917151 0.613479 1.829637 1.792795 -2.392850 1.863247 -0.472044 0.260383 -3.805489 -0.214274 0.450030 -1.190734 -0.337647 1.623878 0.841934 1.518748 1.643607 -0.230073 1.129522 0.671265 -1.619311 1.705833 1.307859 2.005741 -1.136724 2.651156 -0.013395 1.615837 -3.016753 -1.762740 1.632167 -0.193646 0.276789 -2.010930 -0.104673 -3.413698 
以及 -2.037029 0.885687 3.055882 0.890519 -5.775816 -3.180507 -4.931059 -5.477845 0.069842 4.097254 -1.812746 -2.706623 -0.060897 4.486748 0.443446 1.740767 -2.112015 3.371997 2.369349 -0.734278 -9.123520 -4.481415 2.641086 4.200379 1.299942 7.264895 2.326207 -3.332782 -2.554330 1.789489 -2.579965 -0.797844 10.282037 -6.350698 -1.846162 5.716088 -0.660289 -5.812973 1.555452 -2.573457 -0.231931 1.845080 -7.324452 -1.646829 0.695387 -1.771779 3.925878 9.361725 -0.318976 4.927191 
,這 2.403450 -0.969525 -3.220181 -0.941039 -3.250514 -2.628085 -2.347665 -3.324462 5.960716 6.592698 -3.007323 2.217530 -0.390679 -0.970243 1.010903 0.577681 -1.104134 2.729146 3.996750 -2.754791 -8.125229 0.288323 4.201045 -3.105532 -2.180669 -3.540087 -2.719410 -2.941226 3.032145 2.639354 1.404420 2.887203 -3.128301 -1.159849 2.312200 -0.367903 -1.720590 -2.068638 -3.030745 4.917607 -2.276818 1.810983 -0.768929 -0.807748 0.774820 -2.609811 -1.182710 -1.199386 -1.799717 -4.505144 
( 0.810083 2.129809 1.249125 0.746675 0.501360 -1.794384 0.046068 -1.726989 -3.051236 -0.524914 2.432529 -1.491585 0.885347 0.295907 -0.224532 -0.023340 -0.028027 0.251178 0.197524 -0.590276 -0.071214 -0.497672 -0.551491 -1.688282 -1.447620 4.395372 -0.468228 -1.168752 2.345077 2.372802 0.304266 -2.352675 2.332699 -1.153419 -1.571156 -1.866971 0.122420 -0.581722 -0.830530 2.032792 1.191393 -1.426465 -0.588141 -0.685858 1.546727 0.561052 -0.929411 -0.496815 -1.353874 -1.173096 
,台 -0.846757 1.288897 -3.018219 -0.643664 -1.288029 -0.099420 1.824887 5.556635 -1.489574 1.613590 -5.610535 -2.401989 -1.100457 -0.645620 -0.871233 6.776561 4.939285 -1.133722 3.779141 -3.908198 -3.816298 -6.594468 5.257218 1.423054 5.459181 -2.843623 -1.194741 -1.157526 2.021844 4.267465 -0.846335 0.792404 2.901944 -1.546522 -2.203207 1.491150 -0.046727 -4.175550 -1.489886 -0.315722 -1.801790 4.539489 3.321757 3.018569 -0.539215 -9.901185 -1.723832 -1.706114 -2.243288 -4.424697 
其中 2.773699 0.272823 -0.096218 3.140126 0.381401 1.204601 5.053809 -2.343377 3.341871 5.245961 -2.667310 -5.694626 3.037543 3.091267 2.601007 -5.323203 1.342269 4.053167 1.642579 0.725170 -7.932467 6.593702 -0.405482 -0.366334 -6.218925 -5.751381 -2.048575 -1.798563 0.420363 3.551800 -6.220087 1.100082 3.351377 -3.422744 2.760697 -0.158433 0.689556 -5.202135 2.482524 -3.653530 -1.730024 2.207505 1.988130 3.050519 1.470469 0.494482 2.143080 -1.942458 -2.441438 4.110469 
支持 -3.067371 -0.544757 0.462021 0.638006 -1.784811 -4.665843 3.189388 3.937745 -2.570357 2.268981 -4.432919 -1.340884 -1.437014 0.424247 -1.097466 2.314408 -2.533267 -2.673414 -2.448970 1.781269 -2.186741 -1.024700 3.283206 -2.900985 -2.395076 4.414546 -0.539046 3.811503 -2.488034 0.338936 -1.147255 4.710491 3.814132 -0.769569 5.158061 -2.885969 2.456372 3.440476 4.666794 2.380552 -0.074119 3.947273 -3.850047 4.028863 2.179354 -0.242252 1.014399 0.161271 1.268648 -2.064377 
上, 2.587817 3.692449 3.574512 5.426803 6.787330 3.161779 1.357268 -0.506299 -2.127563 -2.297345 0.914065 0.195752 -1.534373 0.628178 -3.438990 -1.435457 0.229700 5.295237 1.343171 6.196903 9.392114 2.536290 -3.042395 2.066380 3.685494 -0.889514 6.935622 2.980523 -4.254678 -3.446202 -2.918208 2.246123 6.109871 3.570925 1.478241 -4.119101 5.710168 1.431169 -0.615259 2.638438 -0.354112 -4.409139 5.091575 2.443316 1.487105 2.988715 0.899502 2.422791 -2.331524 -0.448320 
如果 0.765594 -3.795601 -6.066555 0.126324 0.916000 -5.992959 -3.244875 2.234754 -0.598569 4.529471 -5.729685 3.377767 0.368170 1.786480 -8.946541 2.515898 3.041012 -3.780258 0.714152 1.443798 0.195621 -2.952767 1.815288 -0.156504 1.483400 1.307128 2.395001 -0.067592 -2.813546 5.258538 3.497253 2.249973 -1.568184 2.179334 1.692820 -2.857985 -0.016354 -1.624656 1.582003 5.891277 -2.300545 2.329460 -0.183838 2.671621 -7.380388 3.099107 3.333683 1.921404 -0.240374 0.673714 
13 0.050367 -1.802753 0.106907 2.706174 0.100286 -5.604974 0.111085 4.876092 1.299616 -0.481640 -0.058596 -0.852863 0.320419 0.420896 2.764571 4.029686 -2.889048 -0.786304 -0.951043 -0.115678 3.365350 -0.496349 -4.089459 0.785595 -0.399331 2.117181 1.043639 0.465522 -2.491543 1.486551 4.868057 -2.658252 0.026276 -1.617584 -2.608259 -0.002864 1.968868 -0.105041 1.244825 -0.731792 3.664468 1.443441 0.768775 -1.567123 -0.428139 -1.934214 1.241300 3.276715 3.302455 2.525801 
”。 2.881517 -0.774666 -4.902832 2.217886 -3.845873 2.158243 0.263992 2.102206 0.966719 1.399711 1.068664 -3.462818 -1.345577 3.085795 -0.979061 -0.669949 2.477765 -4.104858 1.048025 0.945512 0.413681 1.677621 0.871712 -1.780556 -3.833766 3.560184 -0.972744 3.485554 4.784523 1.153198 1.593515 0.368639 -1.544828 -0.117850 2.451900 -2.801874 -1.269023 -0.004941 -2.692824 0.655036 -1.016522 0.024715 3.203587 -1.513725 -3.943281 -3.401011 1.512696 4.395606 -2.449709 -2.194331 
14 0.478868 1.918074 3.222484 0.257597 -0.655012 -6.022155 6.248474 0.552545 -0.254186 -0.527967 -4.199671 4.026912 3.389165 -1.912394 6.399429 2.678406 0.881518 -1.356614 -0.186538 -0.844615 1.321966 0.308710 -4.019566 0.624748 -4.890713 3.420196 3.014262 -0.819145 -2.599405 -1.404193 -3.704742 1.587240 2.675537 -0.581264 -3.139292 -5.041158 1.115293 4.064964 1.648123 1.465310 0.795176 -1.300726 -0.575541 -1.893356 0.182560 -2.655757 2.712149 -2.420508 0.023543 0.449956 
國際 -0.897355 -1.996120 -4.475678 7.186304 1.160711 -0.204695 0.278814 -1.545156 -2.347817 -5.405748 0.229349 5.102626 -3.845625 -3.850883 -1.193051 0.680780 1.630388 -2.491490 4.510118 0.768149 0.680452 -5.600641 1.707211 -0.870515 -0.260530 -2.104291 3.022078 0.087235 -2.964451 1.830846 -0.208253 -1.485073 -0.659259 -3.206483 2.207517 1.241805 2.140053 4.888327 -2.889752 4.617561 0.800558 1.607561 1.691116 -4.513570 0.763297 3.303442 -4.949548 -1.514469 2.822419 -0.630481 
投资 -4.168911 -7.718944 1.543752 -1.065539 2.838713 1.179769 2.546281 -1.354334 -2.523822 -4.012745 3.710641 2.602489 0.629608 -0.208828 3.266037 -0.137280 -3.643991 -3.186788 -2.463603 1.072673 1.035340 -3.034372 3.061321 -0.580772 -0.572707 0.807224 4.163877 1.798430 1.347865 0.217144 2.271373 2.191250 -0.598246 -0.918390 -1.696387 -0.636941 -1.935360 2.412769 0.555828 -4.435694 2.231637 -1.052776 -2.967664 1.064487 3.754668 -0.989035 -1.812242 -2.453502 -1.187729 3.637719 
十四 1.582634 -2.103759 4.375079 -0.066870 3.170494 -3.689307 1.346769 -4.532720 -1.850512 2.527840 -0.194378 0.834921 0.122626 -6.674915 -2.050414 -1.340779 1.297606 -3.525731 0.816141 2.158903 0.742111 -1.786107 -0.587312 4.897456 -4.197672 0.031708 1.053316 4.441391 0.019520 -0.420871 0.482767 -6.824167 -4.624614 0.589204 -2.717780 0.740128 -0.691417 -3.945474 -3.452136 6.444900 -3.636412 0.870200 1.637172 2.920466 2.944355 -1.564530 1.060448 -4.064445 -4.362850 2.269791 
提出 -3.260371 0.312360 2.326879 4.425632 -1.794487 -2.987998 -0.074458 -0.367239 1.462032 7.128037 -4.276381 3.449255 1.224672 2.120311 0.297446 5.062210 3.382514 -0.406840 1.280085 5.021399 -0.090251 -0.338844 -2.461793 -0.699812 2.989707 1.883379 1.038061 4.415383 -0.382024 -1.218959 -4.264166 -7.081758 5.725642 -0.490456 -1.064058 -1.474624 5.739094 1.675473 -1.515076 -0.530489 -0.773346 -6.923932 -6.844718 7.803407 -4.003362 0.813648 3.719172 3.133889 1.357653 7.172156 
下, -3.219084 4.570184 1.118933 2.669249 -0.593472 3.747515 -0.809169 -3.866407 -3.614890 -0.755798 -4.915849 -2.657211 -4.489776 -1.144043 1.555466 -1.287555 0.183245 2.174864 2.023681 1.646941 5.104225 2.822865 -0.371643 1.502220 3.686500 -0.063295 1.242831 10.369241 -3.241893 -4.536598 -3.158947 -4.479935 -2.844751 -1.840159 2.616655 -3.817884 0.383863 4.897801 1.839436 0.301494 0.383914 -0.697211 2.409220 7.715567 1.262352 5.150727 0.820729 -8.540656 -1.883889 4.156861 
金融 -1.378959 -0.979819 3.104370 -1.656214 -3.691875 0.887044 -4.687452 -1.492080 -1.876111 1.350603 1.456366 -0.963061 0.245272 1.941772 -0.012000 -0.176726 -0.303661 4.009966 0.443395 0.909803 -0.105587 -4.122867 2.522724 2.936879 -6.538984 0.543535 1.607228 5.732780 1.253743 1.095027 -2.206165 4.889238 -1.391066 -3.505474 -2.476466 2.103164 2.604256 1.433134 1.562162 -1.603906 0.802902 1.530923 0.721871 -1.337841 3.965711 -0.033252 -2.801053 -0.375501 -4.401184 2.744507 
增加 0.419615 0.596219 0.701283 4.385758 5.155348 -3.150555 2.435159 1.622735 -0.195199 -3.196292 1.751266 1.411292 1.130705 0.901947 6.538233 3.538747 -1.766656 1.613092 -0.980731 4.725187 -1.652127 3.060556 1.658435 -1.256297 5.082768 -5.535796 7.649550 -2.523687 1.900267 2.021909 1.420461 -2.688018 0.131608 -4.333265 -3.489223 -5.648929 -2.805324 1.213296 3.710103 -0.582090 -2.818468 0.522724 -1.027673 3.600675 2.378574 1.350184 0.591291 4.717756 1.638976 4.634706 
全国 -0.863977 0.336905 9.525062 -1.809044 -2.273254 0.847975 5.427987 -2.101585 0.972271 3.589781 1.497819 -3.117666 2.260083 2.648731 2.599761 -0.708671 1.113244 3.537376 -2.856056 -1.179660 -6.991330 2.722701 -0.239317 0.699571 -3.358527 -0.366890 1.555844 -3.548828 2.398871 2.920981 -2.539692 3.690483 1.505939 -4.067257 2.643666 1.072761 3.624492 -3.122553 8.460270 -7.290279 -3.539925 -2.301745 0.294627 -0.467738 -1.649095 -1.297683 -2.538418 0.915462 2.916328 2.993915 
18 2.033749 -0.233573 2.738428 0.125540 0.330794 -3.425132 0.346341 3.163384 2.826850 0.832870 1.751917 5.398240 1.433093 -4.268606 2.930779 -0.136819 -0.031841 -0.524023 -4.484130 -0.257219 3.390574 -1.429451 -4.145578 -1.038846 0.949567 1.680992 -5.633962 -1.714370 2.335262 2.273553 -0.135527 -0.473267 -2.619987 -1.790243 -2.392277 -3.034267 1.448717 1.674557 1.772917 -6.017086 2.830985 -0.620449 -0.365556 -2.027842 -3.987962 1.264489 -0.730672 -1.421529 -3.162841 2.187208 
陣風 2.532878 1.786894 2.887027 0.144546 -0.958944 -3.787997 -3.269382 3.168377 -4.053074 0.683217 5.576997 -1.950602 0.373167 -1.606252 2.524376 1.783317 -1.144319 1.471895 -1.156703 -0.465548 -4.517601 6.780738 -0.074339 -0.166392 -3.287437 2.519781 4.275901 -1.149625 1.342369 0.120117 0.066907 -3.561072 4.631390 -2.634966 -0.798231 -1.801713 4.112821 1.903738 0.121381 2.258734 -1.677947 -2.830370 -4.325944 3.769933 1.968521 2.632849 -1.618364 -3.902173 -2.900448 1.819711 
,由 -1.690859 -4.731038 -2.442750 1.405022 5.352259 -1.274790 -9.236720 -0.662313 -1.430077 3.383330 -6.152894 -10.897350 -2.022491 0.975090 -0.104656 1.457087 -4.769482 -3.687110 1.997052 -6.498771 -4.875412 -8.316945 6.038277 -0.980558 -1.006416 0.047437 1.359312 -0.911174 5.817928 -3.067046 2.555099 4.271129 0.633835 1.172934 4.807547 1.575395 0.788850 -1.652638 -0.159885 4.494586 0.514849 3.525569 0.999400 -2.689983 1.787482 4.215425 4.630436 2.927314 -1.210666 -2.293658 
17 -1.246841 -1.192389 6.711451 -1.904933 0.494495 -1.101282 -2.656024 1.317232 0.153378 1.652056 -2.682416 1.071652 -0.890462 0.546737 3.852018 -0.092076 -5.636156 2.158175 0.572027 -3.439635 0.225153 -0.287952 -6.344650 3.855831 -3.391545 3.533995 -0.925106 0.685059 -0.718858 2.795723 -0.112308 1.219995 -1.389651 -2.155607 -1.701820 -4.343625 1.887416 -1.043201 1.277609 -2.873422 3.355162 -2.030296 1.419265 -0.242066 -2.634145 1.139844 0.828265 -1.814571 3.516255 -0.354421 
2月 0.792061 -0.147962 0.559683 -2.930474 -0.981399 -1.123284 1.765969 1.467882 -1.698299 2.222892 -0.690343 -0.609387 -0.271562 -0.400511 -0.029075 1.206377 2.225645 1.489987 0.110005 -3.820820 1.142429 0.173731 -2.969504 -1.968216 -0.537468 1.373080 1.047892 -0.349596 3.144667 1.409931 3.156578 -1.089541 1.637408 1.160975 -0.423402 -4.325066 1.945337 0.759904 1.712582 1.593495 -4.093650 0.650737 0.253482 -5.080966 -1.027840 3.874789 -0.619617 3.779786 0.243224 -0.894180 
来源 0.255721 -2.108671 0.161895 3.337563 -6.419214 -1.606087 -1.048109 1.409774 2.086734 2.760426 -2.154426 -0.905002 1.451532 1.243487 2.309955 -1.468368 2.016022 -1.132226 1.177863 -0.314893 -0.432072 3.163425 -1.684732 -1.689677 0.465540 2.048467 0.622620 0.547166 2.472035 -1.374813 5.504859 2.470922 -0.061869 -3.227511 -3.434427 -2.397315 3.266675 0.868365 -0.224567 1.639618 3.966192 -3.106406 1.299040 -1.823884 2.684389 -0.611632 3.082275 -0.268074 -4.535777 0.023046 
部分 6.397561 -3.628783 -6.516602 -9.257716 -4.501159 -1.264251 -6.042398 -0.328921 3.005578 2.218796 0.118593 1.701054 -2.120218 -0.937093 3.824838 0.168829 -1.498123 0.778015 2.252878 -3.304391 9.537642 3.186640 5.215475 1.034704 -0.812358 6.764952 -0.393680 -1.044804 -2.309821 3.166423 4.183606 -2.646291 -2.906095 8.770051 -1.991990 -0.649548 -1.605387 2.186111 2.006356 2.584546 -2.694520 1.815423 3.968174 5.329479 -0.196155 -1.380665 6.557727 2.567052 -4.882428 -2.292730 
地区 -1.844358 1.072340 2.789204 -2.973666 -3.486016 -7.620562 -5.464357 3.081621 2.518607 -0.180197 4.639983 5.246908 -3.216011 4.811371 -0.137230 -0.225706 1.159118 0.258796 2.630797 -2.632567 -1.266837 -0.583780 -5.355942 4.532185 -5.787289 -0.092079 -1.163940 4.430691 -2.136009 2.602233 -1.043170 2.500961 4.390825 -2.399426 3.186867 -1.081535 0.768134 -2.237049 0.810575 2.320768 -4.764330 -3.414396 1.956679 0.438913 -0.652402 -2.558620 0.734740 3.570894 2.256588 0.481152 
政治 1.638587 3.536424 0.127695 3.220443 -5.464110 4.172603 -4.136334 -2.226481 -0.444623 -1.513647 -8.293921 -0.004659 0.112532 2.605564 -4.285370 -4.203965 7.117475 -2.609256 -4.460185 -4.008981 0.091772 5.851750 3.699135 -3.909602 0.606857 -0.338255 2.107736 3.523814 0.431227 -2.178110 -5.032993 3.269169 2.738436 1.053148 1.996110 -0.374733 4.797446 -2.103383 1.844258 5.821907 -5.973456 -3.198570 -0.494080 0.624887 0.614369 -2.611430 1.479260 -0.960230 -4.767982 2.731995 
因此 -4.113562 4.468082 0.591443 -6.876830 -0.339981 -2.728634 -5.310481 3.612091 -1.007659 4.127764 -7.580235 0.612714 -0.680629 6.039030 4.329778 2.688322 0.526244 0.002104 -3.058830 2.106298 -0.232532 -1.348481 2.357094 -2.324753 3.127076 -2.048963 0.556557 -2.088151 3.194021 3.154097 -5.826912 7.081379 6.880458 -1.038463 -2.630988 -0.693167 0.834698 -2.741978 -2.370590 -5.403582 -2.386945 -0.770858 -1.222167 2.544751 -4.789008 -2.454684 -7.646495 6.328930 0.085464 -4.257583 
提供 -7.159162 1.759130 -0.704608 0.818571 -1.652905 -1.652585 -0.397020 -5.738510 3.015787 1.782583 5.528366 -1.955090 0.847860 3.350001 2.710835 4.671689 5.784309 1.973902 0.593272 4.386885 -2.106250 -4.206878 1.377019 -1.646708 5.850486 -3.691163 3.993098 2.122000 3.444139 1.936791 -5.237253 -6.520914 -0.901611 -3.901941 -4.743219 -4.019604 0.796715 0.730485 4.301929 -1.230536 0.213451 -4.319114 -5.950467 5.952740 -4.575335 4.960144 1.226233 3.286742 -4.026476 2.399387 
陣雨 3.161652 -3.065024 -1.149362 -0.055092 0.408466 -4.432732 -0.437218 2.979007 -1.163316 -2.162126 0.839385 -1.068657 -5.043650 1.285331 1.589680 1.158826 2.697278 5.014187 -0.134536 -0.100632 -1.758193 3.694400 -3.865872 2.404192 -2.538326 0.014843 0.581793 1.078435 1.979286 2.418633 0.069994 -0.979458 -2.292750 -1.582407 1.298640 -3.918954 4.021313 -1.474511 -1.726160 1.671839 -1.104744 2.073436 -3.169937 -3.552552 1.981452 -1.067799 0.156889 -1.685387 -1.261835 2.920758 
十六 1.907748 0.276099 2.082188 -3.716199 3.428672 -1.435842 2.491201 -4.192478 1.167225 7.935946 1.345440 2.380612 -2.959174 -2.508304 -3.773594 -2.593511 -6.369127 0.930046 -2.734520 2.964975 -1.880030 -2.939775 0.509752 2.794933 -1.198693 -0.031589 -2.823298 0.409958 3.368224 1.119059 0.944452 -2.654249 -2.920851 1.851659 2.356689 -3.187447 1.060981 -3.077050 -1.607842 5.393285 0.386533 -5.405704 2.951454 2.361191 -2.378586 -4.636977 -0.488654 1.059150 2.141790 0.970280 
法院 2.461059 2.248480 3.565424 0.953267 4.103032 -0.485338 1.072972 -3.550526 -2.404230 3.793432 -0.488463 -1.005511 -3.846104 -0.203336 -2.415010 0.581543 -0.786798 3.606166 -1.385664 -4.313413 0.620592 2.079576 -1.341544 0.546838 1.902548 -1.862242 -0.968199 5.483612 2.675411 -2.309687 3.399998 4.664670 1.222287 1.639601 -2.391524 -0.741484 0.397795 -5.315271 -3.909446 8.452307 0.088444 -4.611597 -0.586838 2.467581 3.562161 2.943772 1.873091 -1.406077 2.195109 1.198229 
25 -1.141609 0.794849 -1.461509 3.409947 -3.135724 -0.279544 -2.683295 -0.288932 1.556659 0.519408 -3.373721 2.180824 0.837356 1.524030 2.578971 0.806725 2.563543 2.882915 -2.567117 -6.786753 0.612589 0.329460 -1.526996 0.657809 -0.418820 3.965009 -0.160131 0.175544 -2.202080 1.120398 -4.001425 -5.589103 -1.111321 0.293227 2.163352 -2.032211 3.435345 -0.571566 2.016843 -1.543467 3.708060 -1.575470 -0.042220 -3.462831 1.690234 1.375286 1.711537 -0.015245 -1.850822 2.951959 
高雄 5.748782 1.183791 0.652636 3.661051 2.144539 0.283114 2.876203 7.391499 -1.028933 -0.408582 1.909674 -0.518310 -1.387336 -0.474214 -0.265848 -2.366195 1.624158 1.718823 6.749740 -5.589330 6.535547 -2.273059 0.537200 4.538319 2.977640 -3.376011 -4.617874 3.122004 1.297856 2.952734 -0.831489 1.155842 -4.147079 1.152182 3.704847 -4.206172 -3.948830 0.528424 4.566397 0.354857 4.022296 -2.297368 1.146964 3.466118 4.735017 -0.425938 2.185809 -4.141383 1.170734 -0.246955 
,如 -1.617383 0.256886 -5.302817 2.020776 -3.497065 5.715808 4.651633 -1.713775 3.312460 -1.351021 -6.792463 -2.052652 0.033063 1.696080 6.917978 3.982880 0.575509 0.436996 0.712166 -6.745872 -11.880322 -2.039135 1.532294 0.279781 -3.505875 -3.059954 -7.737492 -4.780502 2.039905 3.147491 4.034287 3.964652 2.955923 -0.673235 -2.772811 2.427025 -6.694120 -6.011250 0.832914 -7.612357 1.263553 -0.924664 -2.728037 -6.862278 1.614773 -2.537931 -6.365592 2.383540 3.113381 -1.099664 
来, 4.463295 -2.144056 0.686262 -5.613239 -1.631706 -0.128103 -1.263098 -1.956454 2.147963 0.836329 -2.420281 -0.130391 0.627934 -1.239329 4.329524 -1.705720 7.989985 1.666226 -3.009079 2.782717 8.689049 11.038824 -0.589238 1.975645 4.976569 0.672360 4.052134 7.490437 -4.129954 -1.675683 -1.380950 2.283359 -4.248889 -4.199200 -2.803403 -1.472199 -1.543963 1.489939 4.897923 -4.227841 0.034411 -1.905335 6.179417 2.883027 6.440118 0.814300 -1.027330 -1.402708 2.836931 -0.745751 
21 0.644959 -2.389934 -1.994721 2.117502 -0.162780 -1.721360 0.329197 -0.185687 -1.920111 2.084670 0.427078 0.549563 1.319717 1.065876 0.670157 1.128573 0.253595 1.747870 0.577713 -2.499480 -0.002102 -0.078683 1.253555 0.884909 -0.479368 2.737595 -0.393184 -2.126925 0.506429 -0.118183 -0.710744 -2.379077 0.094214 0.140950 1.289737 -2.286805 3.428621 1.000641 1.206310 0.494357 0.344012 0.257119 -0.629212 -2.351671 2.324516 1.363934 -0.825492 0.644095 -0.687394 0.033625 
源: -2.030348 -1.239742 -0.385315 2.856393 -7.512698 -2.626900 -1.614191 0.409576 -1.777903 5.482378 -1.132080 -2.495162 1.594982 2.757670 0.306760 0.340647 -0.966836 -0.011906 3.011580 2.745173 -1.269920 4.347467 -1.295712 -1.343755 2.423654 4.124013 1.158494 -4.506898 3.703451 2.595288 6.358014 2.220473 0.779019 -4.124502 -1.329252 -2.768125 4.273588 2.943858 2.349580 2.314288 3.398170 -3.183764 2.768347 -1.380848 4.317788 -3.250264 2.321272 -3.021584 -4.865124 -1.576078 
年, -2.681568 2.293852 2.499007 1.970948 -1.941907 -5.586594 1.397098 -5.848759 -1.857737 0.617355 -0.410853 0.767114 1.131182 -3.142643 -0.222756 -2.372047 0.448236 5.689468 0.334532 4.664178 9.015559 6.501740 -2.118496 -0.786652 2.731874 4.580433 1.106647 2.641536 0.213031 2.269255 -0.545662 3.403534 2.615764 -0.273455 5.335018 1.447235 0.525177 2.298737 -0.334530 -4.059598 -5.825866 2.046003 1.375430 2.358729 3.996563 5.936459 1.233182 0.389619 6.890380 0.486208 
1日 -5.505342 -2.438200 6.262631 -1.665933 0.114799 -8.435118 -2.731054 -3.266311 -0.107663 1.184242 3.711097 1.277534 1.071565 3.342312 0.296504 2.885306 5.388919 -3.239970 -0.449227 -1.545541 1.645992 -1.678080 -8.069075 5.015143 0.854694 2.005545 1.703704 2.179635 2.161598 3.377786 0.509571 -1.112820 -0.336020 2.040472 -4.292127 -3.527870 2.422330 -0.063657 1.164132 0.200660 2.614595 -5.518976 -1.789458 0.818568 -0.057391 0.211641 -3.778337 1.512137 -1.017096 2.375871 
浪 4.747425 1.024903 -1.113487 -0.387064 0.781576 -3.852897 0.220173 0.971888 -4.993999 -0.288678 3.966594 0.467516 -5.262012 0.042105 3.553246 -1.424985 -1.908667 2.814216 -1.673923 -2.423065 -3.259660 1.975083 -3.705067 0.299834 0.370181 4.329222 1.723341 -1.286271 4.797363 -1.066057 -0.775372 -0.514857 0.248357 -3.438761 -0.942444 -2.155287 2.306194 -1.569937 -4.338446 4.356024 -1.157448 -0.366401 -3.107503 0.288716 -0.902200 1.437939 -0.240489 1.617056 -2.415264 3.732733 
第二 0.886326 0.704651 -3.818446 5.257198 -1.706964 3.063398 -2.064205 5.052657 0.169092 0.355177 1.657613 2.945559 1.189921 -1.946885 3.737877 0.108812 3.813796 0.500811 -4.360629 -1.440934 0.032706 4.659602 2.324537 -1.358410 0.278990 -2.599543 0.259012 -2.263644 5.381218 -2.267123 -5.195904 -2.755792 1.798725 1.859465 3.173342 6.735120 3.296091 -6.356444 2.419069 -6.347501 0.260951 3.353382 2.628160 0.069290 0.778108 1.791414 -6.759890 0.912939 -4.483601 2.734973 
来 -1.122882 -0.683295 -0.122628 4.738385 -6.332859 -3.235113 1.081701 4.208680 -1.470207 2.087707 -1.250124 -3.152814 0.430932 1.799424 -0.681765 0.317638 0.679967 0.299472 0.252804 -0.026843 -0.788712 5.228590 -1.851727 -2.740964 2.260029 4.232682 -3.139256 -0.890745 3.240294 1.693135 4.829329 1.479966 2.455976 -4.036479 -0.802792 -2.458411 6.418643 3.870450 2.522982 2.851479 2.627110 -1.539190 0.962045 -4.599897 5.134946 -0.129103 0.282544 -2.431900 -4.983410 -4.104919 
的, -0.774109 -1.138836 -6.093206 0.200925 -0.803274 7.365394 -2.181442 0.046821 -4.686706 1.737074 -0.412870 -0.278105 -0.872391 -3.928030 0.111470 -7.836036 0.791684 2.182889 -4.137788 11.406387 7.040483 4.258076 -7.123719 2.116477 3.489815 4.220016 1.509964 2.846775 -1.715858 3.420501 -4.401747 0.879739 -1.379237 3.192872 2.271032 -1.071457 0.102934 -2.006625 5.724159 0.379900 -1.514958 -3.020385 -3.373990 -0.662757 -1.905224 -0.576696 -0.597838 -1.242637 7.725523 -1.009778 
其他 2.144183 8.241723 -3.359583 2.383475 -1.748883 5.905739 2.878853 -2.977842 3.224963 -1.373226 -1.017239 -3.144182 2.070536 -0.902460 6.507448 -2.601519 1.230327 2.706741 -2.640038 3.522870 -11.312142 3.656421 -4.245577 -2.101542 -2.311320 -12.332932 1.318824 1.203585 -3.829448 -5.044906 -9.641243 4.624050 1.489111 -8.169846 3.218045 -0.097536 1.006197 -3.196334 1.760346 -0.943467 3.450766 3.990616 1.586194 -4.035205 0.665097 5.056968 -1.527221 0.136211 -4.766246 5.492846 
就是 -4.167749 -2.219153 4.012140 6.923999 -3.361535 3.447909 -0.325557 -12.151976 1.225475 -8.671547 -5.327942 3.260612 -2.964458 2.274768 -3.849162 1.966184 4.095141 -3.001163 5.561736 0.937715 -9.610131 -0.356228 -9.707185 7.887481 0.018396 5.281655 1.405048 -0.211926 1.417961 6.135331 -4.568587 -1.631159 0.780820 -3.020312 10.710126 3.364759 -5.360489 -1.706041 2.665558 0.397669 0.033550 1.189699 3.460816 -2.881861 -3.491454 -0.609508 -4.662467 1.599918 -0.633132 3.646695 
十三 2.969967 2.801191 4.230564 -0.239472 3.140356 -6.280115 2.434286 -3.039873 -1.477860 1.904557 -2.087649 4.000403 1.652767 0.201796 -2.932265 2.099947 1.961908 -0.950546 -3.703786 -2.302573 1.948339 1.414473 0.326937 -2.316460 -1.614573 0.951279 2.825608 2.070874 0.401691 0.993807 -4.242236 -1.210387 0.088675 1.682845 6.474117 -4.698437 -0.671325 -0.951890 1.760180 6.164604 1.845791 -0.928071 -0.936612 -0.695312 -0.214358 -4.556756 3.837995 -2.343489 -1.569866 2.627881 
认为 -7.584494 -2.353052 1.700825 -4.553871 -4.482535 -1.437779 -5.170289 2.070249 3.727252 4.762267 2.763282 -1.464982 2.373208 4.987087 6.476925 4.673845 0.476742 -0.718358 1.161976 8.601086 6.462278 6.503628 1.155095 0.429209 -3.250496 3.335179 -8.595267 -0.650538 5.822824 1.132415 -1.801349 4.558481 2.009803 1.841003 -1.142835 1.901472 -0.647267 -4.163387 -6.774337 -5.081278 -1.591360 1.452195 -10.119882 -2.546111 -0.118943 3.628336 7.309304 -2.111088 3.146494 3.974997 
